Belo Horizonte - Temperaturas:
31.70
1.60
39.10
45.40
26.20
28.70
20.60
2.00
45.10
49.50
39.50
1.40
20.80
27.90
12.80
21.30
10.80
30.60
21.20
1.90
37.70
35.80
21.70
45.80
9.40
20.10
49.10
47.70
42.70
1.80
48.70
31.60
20.50
35.80
31.80
24.90
6.60
36.50
13.20
41.20
9.20
38.80
25.00
22.60
38.00
10.10
36.30
14.80
7.40
6.90
15.90
5.80
3.60
0.90
9.20
10.10
30.20
19.30
35.30
11.70
32.50
33.40
27.10
31.80
35.00
37.20
4.90
28.10
31.40
10.10
48.50
19.90
46.50
18.60
47.40
20.10
18.00
36.20
45.70
16.90
35.10
40.70
17.20
21.40
48.00
25.30
3.70
21.50
4.00
33.70
10.00
28.10
18.30
17.10
40.50
30.20
30.00
39.50
34.50
46.80
30.00
39.90
22.10
30.70
35.50
46.40
34.20
47.00
38.30
15.00
34.60
6.40
32.10
11.20
23.60
9.80
29.50
16.20
28.50
18.00
41.50
35.00
49.20
48.40
9.70
8.00
45.60
5.80
38.40
3.10
37.10
10.40
4.60
16.50
5.00
2.60
18.40
31.60
27.90
2.60
42.70
49.60
0.20
44.20
20.40
2.10
0.80
9.50
8.10
27.80
43.10
0.30
7.70
29.80
24.50
24.30
1.40
29.50
5.90
44.90
48.30
38.60
38.50
6.00
17.80
24.10
46.30
28.90
0.60
26.50
32.20
45.40
32.50
28.10
1.10
25.20
37.60
25.70
3.60
19.20
42.20
7.90
46.90
49.70
22.90
4.30
40.70
15.20
43.60
9.50
18.00
32.80
9.70
2.80
35.90
44.10
2.60
13.60
28.30
24.90
16.10
22.20
18.20
42.30
30.80
1.40
17.80
14.30
36.50
44.30
25.20
32.80
21.30
12.90
45.00
13.70
39.70
18.10
5.10
23.50
25.20
32.20
15.90
21.90
8.10
42.00
10.30
6.90
40.80
15.80
1.70
30.50
20.70
17.90
13.20
0.60
10.00
1.20
48.30
45.20
23.50
11.00
20.20
33.80
40.00
19.80
39.10
20.90
36.90
47.10
0.80
11.50
28.70
32.20
31.00
28.60
48.20
37.40
48.70
17.80
3.40
24.10
32.20
17.80
26.00
28.00
37.00
42.00
34.40
10.20
37.30
32.70
46.90
45.00
40.70
23.80
18.90
33.60
14.80
19.10
36.20
41.90
0.40
28.20
48.50
12.20
18.30
15.20
48.60
30.70
31.20
38.90
47.40
2.50
36.00
25.60
38.40
2.70
44.40
23.50
30.60
4.30
30.20
9.40
31.50
28.50
38.30
10.60
39.00
43.00
22.30
15.00
48.00
12.40
48.60
32.20
35.00
32.20
1.90
48.50
16.50
45.10
5.50
10.40
31.60
2.30
37.90
43.10
8.80
4.40
18.80
0.20
28.20
38.30
13.00
15.40
40.90
2.40
46.30
12.20
40.20
37.80
34.00
30.10
49.60
1.20
42.80
14.00
20.70
30.70
32.90
38.30
34.50
45.90
39.30
13.70
13.10
38.70
13.50
48.40
47.10
6.70
24.00
19.40
20.80
20.90
40.70
8.70
8.30
32.90
34.40
34.10
44.00
21.00
25.90
0.00
46.50
32.20
45.50
0.60
34.30
19.10
47.50
20.30
46.80
18.80
21.40
47.50
43.30
48.50
36.00
24.20
28.80
41.60
23.60
0.00
2.90
48.10
39.00
37.80
19.70
23.50
0.20
37.30
43.70
29.50
7.10
44.10
3.80
8.80
22.80
8.10
6.00
42.20
7.10
6.30
48.90
23.60
11.70
41.90
5.40
18.80
18.30
42.00
45.10
16.50
33.00
31.90
23.80
30.90
37.80
11.40
43.30
35.70
39.80
4.50
3.00
4.60
49.30
33.10
0.60
25.70
24.30
11.70
31.50
30.10
49.10
42.80
8.80
27.50
49.40
8.00
1.90
31.90
44.30
35.20
19.90
16.70
13.70
19.00
26.50
15.50
14.10
2.30
24.70
47.70
3.70
4.50
25.00
24.40
39.50
40.50
10.70
48.50
39.30
31.20
23.40
12.00
22.00
43.30
24.10
47.90
9.50
7.60
3.00
23.30
34.80
48.40
16.70
40.90
26.20
6.90
47.70
46.30
31.60
17.30
19.20
23.10
0.00
16.40
46.90
43.20
17.80
3.90
25.70
15.10
12.10
37.90
17.50
21.10
5.60
40.10
2.10
0.40
15.10
41.60
39.60
47.10
10.00
21.20
21.80
46.10
1.90
31.20
19.40
20.50
44.90
24.60
2.90
34.30
3.40
9.60
49.50
49.00
34.10
44.10
8.70
31.70
5.30
18.10
13.60
18.70
28.60
30.00
0.20
34.70
7.20
38.00
5.70
44.90
20.70
43.00
1.70
38.60
6.00
23.70
29.60
29.30
48.80
24.30
32.40
14.10
22.20
8.50
34.10
45.90
25.50
4.80
15.60
45.10
12.20
19.50
27.00
36.20
12.50
28.80
9.30
36.20
44.30
18.00
26.90
43.10
28.60
16.00
46.30
16.80
5.60
32.20
14.60
33.00
1.90
47.90
3.40
13.30
35.30
44.00
33.80
6.00
11.90
43.50
28.80
17.80
31.30
45.10
5.50
8.50
2.50
15.80
31.40
1.50
24.80
30.80
18.10
39.80
12.20
39.60
5.30
8.10
30.70
40.00
38.60
21.70
36.80
38.60
47.30
47.50
49.10
4.00
4.80
12.50
8.40
34.30
48.60
36.40
32.30
30.40
4.20
23.80
18.90
17.50
20.00
7.80
24.80
46.80
22.00
27.10
35.20
2.50
37.30
22.70
42.50
13.70
35.90
6.00
47.70
26.70
24.30
4.10
5.10
18.80
6.70
1.50
8.10
8.30
24.50
35.80
3.90
1.80
48.30
21.80
33.70
39.70
25.30
18.30
4.80
34.70
18.10
15.80
11.50
7.90
13.00
37.40
6.30
20.50
6.60
11.20
23.00
2.00
5.50
28.80
30.80
49.80
25.90
29.40
46.40
48.50
24.70
28.40
39.30
47.20
49.20
49.80
20.10
35.10
31.60
15.30
49.40
32.00
4.70
34.40
18.00
7.20
13.30
8.10
10.20
36.60
34.10
30.50
46.40
47.70
42.30
11.20
27.00
8.10
14.80
43.70
10.50
2.30
29.80
20.20
18.30
0.90
4.80
25.60
18.00
2.50
21.90
14.20
0.30
41.40
25.00
17.30
27.10
34.70
23.20
4.90
16.40
36.40
0.80
5.20
21.40
31.20
6.10
15.80
45.90
36.50
49.70
47.20
40.90
42.20
37.30
23.30
46.00
44.80
40.90
13.20
7.60
40.30
39.00
11.40
49.50
28.40
25.50
26.20
14.30
8.70
37.20
44.80
44.20
28.50
33.50
38.90
40.40
0.90
14.10
6.20
15.10
12.10
43.10
44.30
32.80
18.50
8.60
36.80
16.30
6.10
37.30
48.50
29.90
41.70
26.70
12.50
33.60
32.90
49.90
18.60
22.50
5.80
49.60
36.80
5.90
4.80
2.40
29.30
37.80
14.60
32.90
21.90
17.20
10.60
9.00
41.80
46.70
12.80
46.30
31.10
41.80
33.70
46.20
6.50
29.30
12.90
8.40
31.80
0.50
48.40
40.10
20.00
12.70
23.80
28.10
38.30
17.90
20.80
29.30
31.50
9.40
0.70
23.00
16.50
22.00
5.20
11.10
40.90
35.00
48.20
8.50
10.40
14.60
13.20
25.30
2.80
44.80
20.80
38.20
35.50
10.10
32.20
47.90
8.70
17.60
20.00
45.50
16.80
29.90
21.00
0.00
30.30
49.50
44.00
22.50
29.60
5.50
29.20
26.00
46.00
22.00
17.40
46.10
23.10
35.90
0.50
4.80
7.30
24.20
31.60
14.20
12.60
27.60
10.70
22.20
47.20
33.10
23.80
4.50
17.50
40.20
28.20
45.90
40.40
16.30
31.80
9.10
39.70
36.10
27.00
8.20
47.00
29.30
22.80
15.80
29.60
7.80
41.80
30.20
34.10
12.90
38.00
21.80
46.00
31.20
16.50
19.10
15.00
5.50
44.70
9.60
7.80
41.90
24.70
43.80
13.90
14.10
14.80
32.60
37.70
42.20
1.10
40.80
21.70
32.40
38.20
41.40
47.30
10.90
35.00
39.90
25.10
1.80
0.00
9.30
30.80
44.20
9.10
1.60
5.20
25.20
1.80
41.00
43.20
37.90
15.90
30.30
20.00
14.50
20.90
28.90
32.60
13.90
43.90
26.00
38.20
12.40
1.30
31.20
6.50
27.40
21.00
4.60
18.00
39.20
34.80
29.30
30.00
26.40
39.30
40.50
34.90
44.10
13.70
26.60
10.20
10.90
40.60
30.10
17.10
29.50
41.90
28.40
41.00
21.40
28.20
12.80
19.90
28.60
36.70
47.30
19.20
3.70
23.00
21.20
9.90
43.70
27.30
29.60
41.40
22.90
21.30
29.30
8.70
25.80
26.10
43.70
28.40
44.00
24.10
31.30
34.90
9.80
47.10
46.90
7.90
17.40
48.90
14.30
33.60
49.00
45.60
16.50
0.00
8.30
44.30
29.40
44.00
38.60
49.00
20.20
44.00
39.90
16.90
44.90
45.60
15.70
27.90
22.80
11.00
18.80
20.80
8.50
5.50
31.10
44.30
42.90
9.70
32.00
2.00
30.30
23.10
10.40
40.90
47.90
13.20
40.50
3.40
34.50
34.50
21.00
48.30
44.50
12.40
46.50
24.40
6.80
40.80
49.60
2.60
45.40
29.20
46.30
49.30
21.10
15.90
44.40
26.10
43.30
8.00
22.60
44.80
38.60
40.30
6.90
37.60
34.60
47.60
24.30
21.80
5.70
31.80
11.80
48.00
3.20
24.10
9.20
25.60
30.00
1.90
18.40
48.80
48.50
4.40
27.40
34.60
43.00
42.50
43.60
19.20
13.30
30.60
49.80
3.80
5.70
9.80
27.00
31.10
22.40
45.70
11.30
8.10
2.70
11.80
0.70
44.60
24.20
8.20
43.90
40.00
1.00
35.40
11.00
1.20
19.80
29.30
12.40
46.60
32.00
21.70
17.30
32.30
16.50
30.20
29.90
18.90
16.10
15.20
5.70
11.50
24.40
26.40
24.90
26.30
49.10
22.60
6.00
40.60
48.30
27.40
42.30
29.40
20.20
19.20
24.00
49.90
21.20
0.90
15.10
24.70
28.90
15.00
27.20
44.70
42.90
10.70
31.80
14.50
5.70
30.00
15.40
18.80
40.60
39.50
46.90
18.50
30.90
22.10
24.10
37.60
39.20
28.00
26.50
35.20
35.80
2.90
1.80
29.40
19.50
32.50
37.80
7.40
37.40
26.90
18.10
23.00
48.90
30.50
25.10
29.90
44.40
16.10
6.60
33.00
36.70
37.40
46.70
36.70
3.80
19.30
38.10
6.90
5.20
2.50
5.60
46.40
32.50
33.70
11.90
4.80
19.20
13.10
37.20
20.00
40.80
14.30
32.80
2.20
15.40
31.80
23.60
1.00
47.20
16.40
38.20
28.40
25.80
42.00
40.00
7.90
2.30
44.00
7.50
46.50
18.90
8.20
44.10
41.80
23.30
17.20
32.00
18.50
14.70
29.00
8.30
12.50
31.40
0.50
39.80
34.00
21.10
19.00
12.60
33.00
33.00
18.50
4.50
22.70
19.80
25.20
15.90
43.50
26.50
9.10
10.90
16.30
36.90
14.80
8.60
25.90
17.80
5.20
30.40
10.90
39.00
42.80
34.00
46.80
7.50
49.30
36.00
16.50
6.70
37.10
2.60
24.60
7.70
47.80
36.20
49.60
28.70
46.20
10.70
6.10
47.10
22.80
39.30
20.90
27.90
42.80
37.80
29.40
28.50
42.10
20.50
8.60
27.00
17.30
28.80
27.80
24.40
7.80
20.10
28.70
0.00
27.00
1.50
36.80
15.30
13.50
25.30
16.70
1.50
42.10
4.80
48.20
32.40
11.00
29.90
42.30
22.00
7.80
14.80
33.40
19.80
42.90
27.10
48.30
40.90
48.40
31.90
22.10
44.30
38.10
33.70
42.00
10.30
20.90
33.40
40.20
12.20
31.90
28.80
8.30
14.60
13.60
44.50
0.00
45.50
10.30
4.40
24.10
6.30
8.40
25.40
5.60
21.40
28.10
28.50
48.00
4.70
35.90
27.50
8.00
20.50
39.40
27.70
44.20
48.00
20.30
7.20
40.50
23.60
11.80
45.80
17.30
34.70
14.10
19.00
44.80
45.50
0.30
23.30
0.90
15.90
23.10
14.90
4.60
0.80
34.70
13.30
25.00
34.20
38.20
6.30
38.50
44.30
24.00
48.10
15.30
37.00
35.10
42.20
10.10
31.30
31.30
0.80
5.20
12.60
15.70
34.40
7.90
43.60
7.40
21.20
0.40
21.30
27.60
25.90
25.90
45.50
32.70
15.60
26.30
42.40
23.10
33.50
16.10
12.70
8.10
9.30
29.30
32.50
3.80
47.20
30.50
22.60
10.00
40.40
13.90
39.90
30.70
42.30
35.00
29.20
5.70
20.20
24.00
2.50
16.30
45.70
30.60
9.30
7.90
9.00
5.60
7.40
0.90
47.40
5.50
22.40
6.70
24.80
31.00
38.20
3.50
46.70
44.50
13.90
14.40
44.90
0.30
14.10
23.20
10.90
4.00
11.20
31.30
19.50
36.90
48.90
23.00
21.60
18.70
41.40
11.80
5.10
19.80
29.70
7.00
34.90
41.40
37.90
42.90
29.50
4.20
31.90
33.90
35.20
35.50
24.10
2.80
36.30
9.50
11.30
11.30
34.20
44.40
1.10
18.00
21.20
16.80
6.10
30.70
5.00
8.80
35.40
32.10
17.10
10.70
19.50
38.10
40.90
20.00
9.40
5.20
11.70
16.20
35.60
24.10
10.00
24.10
9.10
37.70
12.50
41.90
16.60
43.50
49.50
6.00
28.70
10.80
35.80
7.50
44.70
17.70
25.80
35.70
38.80
7.40
31.30
49.90
12.00
42.30
27.50
3.20
26.90
4.20
5.40
23.30
37.90
31.80
27.70
8.70
23.30
19.70
23.40
25.50
43.50
39.90
40.70
40.30
0.10
43.10
0.60
20.10
37.20
34.40
42.40
14.50
28.20
36.00
23.70
13.10
25.90
6.00
28.30
41.00
38.70
11.80
36.50
32.90
32.30
32.30
16.10
9.10
25.80
25.80
44.20
18.60
15.50
5.30
16.10
16.40
16.40
40.90
37.60
42.00
2.70
15.00
45.30
5.20
16.70
14.10
17.00
30.30
46.60
20.00
6.20
33.60
5.30
35.50
12.70
44.50
10.70
42.50
40.20
2.80
30.60
19.40
49.60
36.30
38.10
21.20
38.60
43.20
25.60
22.10
28.10
16.20
14.80
29.50
7.20
41.20
33.30
11.70
4.50
39.00
6.30
6.30
30.50
28.70
17.40
27.30
4.30
40.70
28.20
29.00
25.50
30.50
39.10
2.90
29.90
11.80
15.30
26.00
10.00
23.00
46.70
1.90
4.40
19.20
21.30
14.40
10.50
2.60
36.30
11.30
9.00
48.20
41.90
10.60
2.50
39.20
12.60
9.80
25.10
22.60
15.80
10.20
41.10
44.60
33.00
23.70
29.50
10.90
1.10
22.30
34.70
36.40
44.30
44.70
20.90
46.20
5.30
5.00
20.00
24.40
24.70
7.10
3.60
49.60
13.30
41.90
21.70
10.60
21.90
10.00
3.80
2.20
44.00
20.10
2.60
38.30
5.70
8.70
7.40
16.10
0.80
17.70
47.50
16.20
46.10
17.40
3.60
26.90
48.40
33.70
16.70
28.10
4.70
27.00
17.20
2.80
13.20
30.00
4.00
17.60
44.80
29.90
7.40
42.80
11.60
19.90
0.20
44.20
13.40
2.40
16.40
12.90
39.50
32.70
47.60
7.30
12.90
28.20
37.60
20.00
40.60
6.30
48.00
41.70
16.00
47.60
6.00
11.10
40.00
25.30
18.70
37.40
13.70
0.70
28.60
31.70
10.80
31.00
18.60
18.60
17.30
33.30
49.60
35.00
21.70
24.50
44.20
22.90
5.80
22.00
26.00
26.90
23.60
14.50
11.00
21.70
4.00
31.90
17.10
23.60
23.60
27.80
43.80
4.80
38.80
23.00
31.40
36.10
27.80
28.00
9.60
35.60
33.60
23.70
48.10
41.10
44.90
17.80
27.60
24.50
0.10
0.50
48.60
11.90
14.70
2.10
22.40
23.80
38.70
17.60
25.80
3.10
16.50
4.80
34.70
38.30
36.80
49.50
41.00
44.90
20.20
5.70
7.00
48.20
10.30
33.50
38.70
22.00
23.70
28.10
40.20
21.80
10.40
30.90
15.30
22.00
17.40
49.40
34.40
45.30
41.10
1.70
21.80
33.50
48.70
8.10
5.90
22.90
48.60
22.20
7.40
5.00
4.50
24.50
49.10
1.80
30.00
19.80
3.70
19.70
36.40
35.50
4.40
3.30
46.50
15.30
18.70
10.60
44.00
11.80
15.90
24.10
26.80
40.60
33.20
16.90
30.20
3.40
5.90
13.80
25.60
29.30
46.60
6.30
40.00
42.20
2.00
8.40
36.60
19.00
5.30
48.10
28.80
8.20
42.90
44.80
31.60
36.00
29.50
45.30
46.10
29.20
36.10
25.10
9.70
48.90
20.90
46.10
45.60
12.50
2.40
16.90
34.80
34.80
30.90
22.50
1.80
17.10
6.70
43.80
21.20
8.20
43.50
18.10
41.90
36.20
6.80
15.80
2.70
14.10
45.60
49.70
11.60
25.70
32.40
31.40
12.40
28.90
40.50
18.60
30.30
2.30
47.70
42.80
12.90
11.50
26.80
26.80
4.00
16.70
5.00
16.70
23.40
4.60
14.40
16.20
5.60
8.90
7.40
17.80
17.80
35.60
27.10
6.30
4.40
23.70
27.40
49.70
11.70
47.60
14.50
41.90
19.20
22.00
5.20
29.70
31.50
17.10
17.70
40.70
32.30
35.30
33.90
33.60
20.50
21.90
21.90
14.30
27.10
9.90
31.10
23.20
44.00
10.50
36.10
37.70
9.70
11.10
40.10
42.80
46.00
14.30
46.00
14.30
11.40
46.10
25.90
9.60
11.80
19.40
19.50
25.70
18.20
18.80
34.40
12.40
28.30
16.70
39.80
37.60
49.90
17.00
23.30
10.80
6.30
16.30
48.20
5.50
35.50
7.70
13.60
33.40
40.80
39.00
1.70
4.10
10.30
26.20
24.90
39.40
34.20
36.40
18.90
4.60
47.10
16.30
13.10
46.00
8.10
34.90
9.00
23.20
28.60
21.60
28.30
27.90
15.50
25.10
45.60
40.20
28.00
24.90
4.30
47.60
34.00
4.40
11.90
32.50
10.90
17.30
3.30
26.10
23.80
47.00
48.40
7.50
17.30
8.90
40.10
31.80
15.20
4.10
38.60
20.70
5.10
28.00
9.10
46.30
41.80
21.20
33.20
5.30
5.30
13.60
22.80
3.10
6.20
24.00
43.90
9.20
1.10
3.10
47.00
18.90
48.70
30.70
8.70
18.30
2.10
12.80
49.60
29.30
22.40
26.30
48.90
41.90
24.20
18.80
25.20
29.90
14.80
12.20
8.80
12.50
24.80
14.60
13.50
22.00
36.70
17.00
47.10
41.40
23.60
6.50
24.60
47.30
23.30
30.90
35.40
36.60
38.00
13.60
38.40
39.60
6.20
40.20
45.50
45.00
42.80
37.80
20.70
21.10
36.40
34.20
32.80
49.30
18.10
46.10
6.30
17.90
8.10
4.40
34.80
28.50
20.70
6.20
37.30
48.20
23.50
43.90
14.90
3.60
28.30
44.10
29.60
13.10
15.10
8.20
28.90
9.80
28.20
46.10
46.40
9.40
28.40
8.90
8.90
36.20
33.50
49.60
46.30
17.90
20.00
48.80
34.40
14.10
43.50
23.00
0.00
9.10
20.50
45.60
23.60
0.30
46.50
23.80
28.20
23.60
42.20
19.50
14.60
39.30
2.50
37.90
21.20
0.40
31.20
35.20
46.90
29.20
19.30
8.20
19.00
42.60
5.70
23.80
38.30
45.70
37.00
37.30
43.00
39.00
43.40
48.90
29.10
26.30
45.70
4.50
18.20
13.10
26.40
31.90
48.30
49.10
20.80
7.30
32.70
6.30
49.50
44.60
6.90
48.60
42.70
39.40
19.70
19.80
46.40
40.50
32.40
33.10
21.50
20.90
27.80
8.10
12.30
4.00
35.70
17.40
17.60
42.60
46.70
13.40
21.30
3.10
23.60
17.50
45.90
19.20
36.70
39.50
26.90
27.50
35.20
35.20
24.20
7.30
10.70
2.00
29.80
29.80
23.60
13.90
29.00
17.90
23.60
20.00
44.20
45.60
37.40
41.50
25.50
31.30
13.90
28.10
10.60
3.20
22.80
25.50
5.20
7.50
11.50
0.90
22.30
19.00
44.00
25.20
48.40
40.00
10.70
2.10
19.80
4.80
0.30
3.10
20.10
24.30
34.10
3.70
48.20
16.60
25.50
24.50
4.00
42.60
33.60
39.00
5.30
27.20
36.00
33.10
26.20
29.60
5.80
22.60
29.90
37.40
7.30
37.40
7.30
35.00
44.20
21.80
36.40
19.70
8.30
33.40
31.10
31.10
14.70
46.90
17.80
45.80
46.00
1.20
23.20
40.40
0.60
12.10
20.30
39.70
32.70
12.20
1.30
1.30
21.70
45.60
11.20
14.90
37.40
8.60
43.00
3.70
17.70
22.20
18.80
29.10
35.60
1.60
18.40
11.00
49.20
25.20
43.70
6.40
43.50
6.40
19.80
6.60
17.70
45.60
48.40
3.80
37.30
20.20
36.50
14.20
31.50
11.30
5.30
21.50
2.80
37.70
49.70
48.20
22.60
29.70
45.40
8.50
8.50
49.60
39.90
5.70
31.10
15.10
34.80
14.30
24.20
34.40
21.80
24.20
10.40
23.60
3.50
34.80
37.30
39.60
28.90
38.90
45.30
40.90
43.80
26.30
34.70
47.40
15.50
22.70
11.80
4.20
46.10
9.70
15.80
45.20
43.50
48.10
12.40
5.50
20.60
30.20
19.40
49.00
34.90
15.40
26.10
5.10
44.70
13.80
12.10
21.30
22.00
42.60
40.20
40.20
9.50
48.20
8.40
40.60
10.30
3.80
36.40
26.60
12.10
12.20
2.90
18.40
10.30
34.60
0.60
25.20
43.80
7.90
49.40
11.90
29.00
30.80
15.90
42.20
47.20
28.50
33.20
25.70
20.80
16.50
9.30
11.80
2.30
9.70
41.10
32.60
1.20
40.90
15.00
14.30
31.60
13.40
26.90
38.90
26.90
36.40
49.40
1.20
5.30
6.80
16.00
3.40
42.50
33.20
49.80
10.70
9.90
38.90
39.00
5.90
45.20
2.50
34.60
11.90
29.80
43.90
43.90
14.50
49.60
19.10
38.50
33.30
5.30
23.90
6.40
45.90
9.20
12.10
25.20
48.20
21.40
32.00
45.00
35.20
48.00
23.00
10.70
0.80
47.90
45.80
16.20
6.10
27.40
15.40
13.50
49.50
12.30
14.90
5.90
17.10
44.90
32.00
27.40
11.90
14.40
47.10
5.40
42.60
18.40
12.10
21.70
22.90
23.20
7.50
32.20
34.00
40.00
44.60
1.80
41.50
25.70
44.20
49.90
2.50
19.20
4.10
16.20
37.50
37.50
4.20
48.50
11.00
18.00
47.70
48.70
44.10
34.50
4.10
4.00
13.70
28.80
49.00
31.20
34.10
38.90
48.30
47.60
20.40
4.60
21.30
42.80
23.60
31.00
9.20
4.40
17.00
10.20
19.00
15.50
7.20
7.20
32.50
35.90
42.50
8.90
44.10
40.10
11.80
34.30
48.60
33.60
39.10
22.30
11.50
8.10
34.20
29.90
8.70
10.60
41.60
11.90
28.30
17.50
29.10
13.00
29.20
37.50
18.00
29.80
18.50
7.40
43.60
35.40
49.80
6.20
23.60
38.40
11.30
31.30
32.00
25.20
25.80
32.30
48.00
19.90
15.30
24.70
19.30
25.30
1.10
20.70
35.60
14.00
27.20
37.10
48.80
43.30
6.80
41.70
49.10
38.50
7.20
2.70
7.20
48.90
16.70
12.90
30.70
29.10
12.20
33.00
37.80
38.10
11.90
34.70
33.90
31.80
38.80
46.10
41.50
36.60
41.50
45.60
8.60
44.90
32.80
44.80
18.10
37.70
45.00
42.30
34.40
13.90
0.10
39.60
45.90
24.00
27.00
33.70
49.10
22.50
41.60
3.20
16.50
15.70
6.90
27.00
10.70
14.80
9.30
17.60
20.60
6.70
28.90
28.40
41.40
38.90
49.40
8.70
46.30
4.70
35.80
31.40
18.80
2.40
2.30
17.00
18.70
9.70
29.80
10.50
21.20
11.50
21.10
11.90
31.30
9.10
19.50
47.70
11.60
34.80
21.60
45.70
2.00
32.20
32.60
28.90
24.50
35.20
18.20
34.60
17.50
22.10
39.60
15.20
29.20
3.90
42.10
14.30
48.80
35.00
20.40
32.60
39.70
17.10
48.70
1.10
2.60
0.10
24.40
11.50
28.80
2.10
11.00
2.20
2.20
31.30
33.10
35.60
27.80
27.80
27.80
7.90
44.90
34.30
25.90
19.40
48.00
22.60
38.40
20.50
49.90
2.40
6.10
27.10
9.20
9.60
3.40
4.10
33.90
47.50
0.10
47.50
36.90
5.70
27.90
33.90
10.70
16.60
5.70
29.40
31.30
2.70
33.30
32.50
3.70
23.20
44.90
23.90
2.60
49.00
7.10
11.20
42.40
0.10
1.50
6.60
47.80
0.90
0.90
36.60
46.40
28.50
47.20
44.70
20.30
23.60
28.90
32.50
31.40
11.90
6.00
43.80
4.50
22.60
23.80
9.00
24.60
18.20
17.90
18.20
18.80
18.80
0.40
7.60
39.80
24.70
32.10
33.90
43.80
13.90
1.50
0.80
19.20
46.80
43.80
14.00
7.70
43.50
43.50
10.00
39.40
2.40
36.50
36.50
46.70
44.90
10.60
10.50
10.70
31.10
36.80
18.80
13.10
33.40
7.90
3.20
43.20
24.20
5.90
40.50
28.70
4.80
23.50
40.50
3.30
14.50
24.00
6.30
49.80
35.40
22.10
33.10
10.20
10.20
11.20
41.00
16.60
18.40
33.10
37.20
28.10
22.00
15.80
15.80
20.70
0.40
0.20
1.70
29.10
19.70
36.70
22.80
41.80
19.80
28.50
15.70
46.20
48.20
37.90
39.20
19.20
1.40
39.50
24.80
10.70
14.00
24.30
13.50
19.60
12.30
37.90
6.70
38.40
1.10
28.20
43.00
22.70
20.50
20.50
9.90
46.10
6.70
22.70
20.10
34.80
22.20
46.20
23.80
23.80
34.70
39.80
10.20
0.50
40.90
30.30
26.00
44.20
42.10
21.00
30.60
36.60
44.00
4.10
35.20
26.90
22.20
37.00
0.20
27.20
21.00
0.70
35.00
13.40
36.10
20.10
43.30
25.80
25.80
39.90
30.50
5.60
24.20
42.10
32.90
9.60
11.70
11.70
38.30
26.10
19.40
33.80
36.40
36.40
23.50
38.90
26.30
18.10
23.70
2.70
6.00
47.30
10.60
47.40
47.40
27.10
33.40
33.40
45.80
29.50
9.70
42.50
30.30
37.70
36.80
28.60
40.30
8.40
36.40
20.90
23.90
47.10
8.10
23.10
35.00
27.40
13.90
31.90
43.00
44.40
13.80
12.40
19.80
0.20
6.50
20.60
48.20
41.40
18.70
12.40
6.30
15.30
15.30
19.70
42.00
9.10
5.10
48.30
27.20
46.30
3.20
34.50
32.00
11.80
47.60
39.90
34.70
34.40
6.00
28.30
49.10
5.50
20.40
14.10
41.00
28.10
7.30
19.40
37.00
43.50
40.20
26.60
10.00
19.20
39.30
3.60
24.80
5.90
12.20
32.40
35.60
6.80
35.10
27.70
19.50
3.00
47.30
44.20
49.00
30.20
27.40
1.50
42.50
46.30
30.50
26.90
49.00
48.10
47.70
5.30
39.30
32.50
43.80
40.60
27.30
27.30
24.50
39.50
15.90
20.40
18.60
10.60
46.60
32.00
0.70
5.10
45.60
12.80
8.10
46.30
46.10
7.00
14.80
26.40
7.40
36.70
33.90
3.70
24.70
25.00
26.40
47.80
44.80
45.60
37.70
1.30
18.20
15.40
0.70
0.40
26.10
32.70
18.60
9.10
48.40
10.70
27.80
23.70
32.60
36.40
5.60
11.30
16.20
37.80
37.80
35.70
22.30
18.40
17.20
36.80
27.40
45.70
9.40
17.70
29.40
40.10
27.30
27.30
4.60
25.50
10.00
44.30
18.90
47.70
26.40
22.30
29.50
37.90
22.50
2.20
13.40
14.90
34.10
19.70
2.70
8.90
34.10
42.90
40.60
25.50
46.30
9.10
13.30
44.10
26.60
5.50
14.20
27.30
3.10
24.60
49.10
28.80
19.80
5.80
44.40
44.40
19.80
19.80
45.60
23.10
9.90
21.50
23.80
43.20
33.10
31.90
5.90
38.50
30.90
39.20
49.50
48.20
39.60
38.50
26.40
10.60
41.60
8.90
19.60
36.10
9.90
43.30
7.40
30.90
41.90
40.90
6.80
3.60
3.60
1.10
1.10
31.70
45.20
11.70
6.00
2.30
8.30
23.10
19.40
20.20
25.40
2.50
10.10
33.50
24.70
46.60
7.60
37.50
48.40
2.30
0.80
43.10
13.60
33.70
37.80
6.70
16.80
11.80
47.70
29.40
41.00
38.60
34.70
48.60
34.70
38.80
33.20
36.60
18.70
19.00
20.40
46.00
48.20
22.60
33.80
29.10
35.50
4.40
27.20
18.10
33.80
49.60
4.00
46.80
35.80
23.00
16.20
20.70
36.30
10.90
10.90
38.90
22.60
9.20
35.20
9.70
20.00
44.30
17.10
27.10
41.00
8.60
39.70
41.10
32.70
1.10
23.90
49.40
38.20
17.20
20.00
38.10
11.20
47.20
21.70
1.30
45.70
44.70
49.40
2.70
47.20
33.50
5.90
21.60
0.80
40.10
32.40
44.40
21.20
23.20
5.20
35.60
38.10
30.30
4.40
7.40
4.00
31.30
43.90
29.40
30.30
5.60
42.40
44.50
6.10
36.40
29.90
10.40
25.20
2.10
37.40
28.40
20.40
6.70
48.30
28.20
46.50
13.30
8.00
0.50
40.50
35.20
16.60
37.20
22.50
21.40
44.40
21.10
42.20
6.80
17.80
47.20
33.40
34.20
0.80
49.10
46.90
30.40
36.10
48.70
5.50
18.10
0.60
8.30
5.80
0.00
40.70
14.20
49.70
29.90
29.90
36.00
11.10
43.60
7.60
15.50
18.90
43.00
4.60
17.40
22.20
43.30
9.20
14.80
20.30
35.40
19.80
15.40
47.00
28.60
47.20
24.90
17.00
17.20
34.10
17.80
14.70
3.20
49.80
8.10
30.20
30.20
30.20
33.30
0.80
14.40
7.80
10.10
42.10
47.00
23.70
26.00
3.20
23.30
6.10
28.20
13.20
23.20
46.90
34.20
40.30
49.40
49.40
45.60
40.50
28.80
17.00
29.70
10.30
6.10
23.00
45.30
14.10
4.00
6.60
10.80
25.90
20.30
35.40
46.20
46.60
46.60
29.00
30.10
24.40
17.70
11.10
13.50
24.30
24.90
9.20
9.20
29.40
42.40
5.90
15.00
23.20
38.50
4.80
4.60
19.90
40.00
21.70
33.10
5.50
24.70
24.70
45.30
41.80
42.50
12.80
8.40
38.50
46.20
18.80
48.80
5.80
15.70
16.30
33.00
14.00
38.00
24.40
36.00
36.00
35.10
36.60
14.70
11.80
46.40
2.00
41.40
12.70
0.70
49.80
40.00
14.20
35.30
46.00
21.20
29.70
29.70
42.70
10.60
48.20
23.30
34.30
42.40
20.80
49.60
31.90
5.70
12.20
31.90
6.30
33.50
32.50
33.50
20.30
13.70
43.20
4.90
43.60
17.90
5.80
31.10
23.30
14.20
20.60
27.30
38.30
4.40
9.50
38.80
13.50
41.20
46.40
27.10
25.40
18.20
28.00
10.00
0.90
4.10
9.40
8.10
5.10
15.00
30.90
3.40
10.70
18.90
9.30
11.10
25.60
3.60
3.20
24.90
5.50
21.10
18.30
45.80
12.70
49.80
27.50
13.90
45.90
10.80
25.00
28.90
38.30
1.80
15.20
29.40
6.60
1.70
28.90
0.80
18.00
25.20
22.90
29.00
45.10
2.50
35.90
27.50
6.20
15.60
32.30
13.40
45.50
23.00
30.40
27.30
10.50
21.20
28.90
12.50
18.50
23.10
27.90
34.10
12.10
11.10
5.60
38.70
14.80
49.70
18.00
3.30
11.30
13.20
5.00
39.00
29.70
29.20
3.50
27.70
27.70
29.90
21.80
5.70
39.90
47.90
22.30
47.60
17.10
35.00
46.00
31.20
23.70
37.20
27.10
42.60
16.30
45.80
35.30
5.10
47.60
13.10
7.40
43.60
10.00
4.40
1.00
14.10
22.00
0.50
9.40
9.40
29.70
46.40
43.40
31.80
17.40
49.70
25.60
18.90
35.60
43.60
46.70
48.40
11.30
4.50
44.40
2.10
47.50
31.80
45.80
44.90
49.70
41.60
26.50
31.40
22.60
38.40
12.00
49.50
37.10
24.60
48.60
38.50
28.20
15.30
5.30
9.30
17.10
5.00
8.00
37.50
38.50
5.60
44.60
26.50
8.80
1.50
9.70
38.60
46.80
2.40
32.40
42.60
25.50
29.50
15.20
48.60
21.60
38.90
37.90
31.30
38.80
22.30
23.50
36.40
0.20
48.60
31.90
17.00
37.50
28.50
17.30
37.60
21.50
33.40
7.20
29.30
22.70
10.70
36.60
30.50
46.70
5.30
25.90
31.70
10.20
29.50
47.70
6.30
39.70
0.60
19.70
25.50
4.30
5.10
49.90
44.80
13.70
49.60
5.00
27.10
22.70
18.60
21.10
2.10
24.00
34.80
18.30
5.00
8.00
41.80
8.00
8.40
4.60
36.60
25.70
3.40
24.90
15.20
15.30
14.90
35.60
26.90
8.00
45.10
21.80
4.70
16.70
37.80
29.00
35.00
27.80
28.30
18.40
48.40
37.50
22.20
39.10
15.70
22.70
5.90
12.20
27.10
46.20
38.30
6.30
11.40
14.60
37.70
13.10
18.50
19.90
36.40
6.90
25.20
6.20
4.20
35.80
10.80
40.10
3.40
34.50
26.10
42.70
19.20
10.60
19.90
19.30
26.70
20.90
26.40
3.00
15.20
28.40
9.10
11.00
29.90
38.00
4.70
45.10
33.50
15.30
23.50
36.90
33.30
13.60
24.80
4.70
27.40
2.90
27.00
4.30
4.30
39.30
36.50
21.50
9.80
46.10
38.80
9.70
37.50
41.10
28.60
33.30
31.90
17.90
25.20
25.20
49.00
14.90
27.10
29.40
35.30
28.90
43.30
35.40
37.00
19.60
45.40
4.80
13.80
28.90
20.40
27.10
37.30
49.10
0.80
18.60
49.50
22.90
10.50
12.40
32.80
1.30
1.30
8.30
0.30
17.20
6.20
48.00
3.20
11.90
40.70
25.30
45.80
20.40
31.40
31.50
31.70
26.80
12.10
27.00
34.60
39.50
10.40
30.30
48.30
28.50
4.50
23.60
15.10
48.40
2.80
24.40
15.20
41.60
0.90
25.90
13.30
33.70
11.90
11.40
30.90
44.00
3.50
40.10
13.50
43.90
22.60
21.30
13.70
48.50
29.50
43.80
42.90
39.50
6.20
4.10
3.20
20.10
34.00
34.00
7.60
26.30
10.00
14.40
8.00
43.00
12.80
40.90
40.90
16.70
11.30
10.20
40.00
17.90
4.30
22.60
13.80
48.90
20.70
3.10
20.70
45.60
46.10
20.40
5.30
29.10
37.40
34.50
24.90
45.50
38.60
26.20
16.50
10.90
44.80
13.00
25.40
44.40
30.00
24.40
30.00
11.00
46.10
1.40
28.30
40.70
16.60
38.40
37.80
35.70
4.80
31.20
39.60
15.90
9.20
15.90
9.20
34.20
7.30
34.70
46.20
39.90
1.50
46.70
20.10
41.10
46.70
5.60
9.20
46.40
15.60
40.10
25.30
39.30
18.50
28.80
48.80
29.60
19.40
11.70
31.60
32.30
6.20
6.20
33.30
31.80
37.90
43.30
5.40
31.20
47.60
2.20
12.70
10.50
0.20
1.40
35.60
40.10
22.50
18.30
42.00
42.90
1.10
41.50
4.00
0.30
47.60
0.60
25.70
44.60
34.40
12.10
0.10
27.40
20.40
3.20
16.80
0.60
25.40
25.20
42.00
49.90
27.70
41.70
45.00
49.80
23.90
27.20
33.70
12.50
32.70
13.40
1.10
36.20
27.70
19.00
38.70
23.20
42.50
39.70
14.80
38.00
38.00
34.50
5.30
16.60
35.40
37.60
29.30
47.10
33.60
14.50
21.20
48.30
16.20
48.60
45.60
44.60
29.40
32.80
41.90
34.10
47.50
37.50
31.90
14.10
39.70
25.90
19.00
19.00
31.20
43.10
22.60
35.90
46.60
20.20
19.30
46.70
1.30
15.70
7.10
3.40
48.80
25.10
14.70
18.50
15.20
39.60
13.00
2.90
2.10
29.40
2.40
28.50
18.20
26.40
3.80
35.80
6.10
24.50
14.70
14.00
1.20
25.80
33.10
33.10
13.60
29.20
11.00
9.40
34.90
34.90
45.10
12.60
22.40
36.70
30.70
5.20
0.70
16.90
9.40
40.70
29.50
2.30
20.90
4.00
12.80
47.50
35.40
32.70
36.80
14.40
48.70
48.70
20.40
12.70
44.30
25.20
5.10
22.10
3.00
29.60
36.90
27.80
22.90
8.90
26.80
15.70
47.90
36.20
31.50
29.50
19.80
28.20
15.40
14.00
23.50
27.70
22.00
43.00
40.20
32.20
28.00
28.70
18.40
45.20
26.90
30.50
17.80
19.30
7.20
10.40
9.00
40.60
18.90
5.20
26.00
45.60
20.70
10.50
7.50
20.40
22.00
28.40
48.60
9.00
5.90
7.30
49.00
49.60
45.40
47.70
40.40
11.00
1.40
7.50
6.30
44.50
26.00
23.30
10.40
47.50
26.30
44.90
17.80
41.30
2.80
40.50
11.10
10.20
29.50
35.70
12.70
34.40
3.30
31.20
32.20
38.20
4.60
22.70
25.90
7.00
10.50
34.90
45.10
28.20
28.50
15.60
4.20
15.00
5.60
14.50
12.00
14.50
35.60
31.70
2.90
22.70
18.80
17.90
48.30
9.80
2.90
12.30
11.70
23.60
21.80
25.80
9.50
15.50
44.10
7.60
37.00
6.50
3.30
35.20
36.30
20.40
34.10
24.70
41.70
24.10
36.30
14.50
36.10
4.90
45.30
37.40
35.70
48.80
34.00
37.40
0.50
14.00
19.90
27.90
19.90
27.90
17.30
11.20
16.30
20.10
49.00
24.20
11.10
30.30
28.80
9.00
43.10
45.10
29.60
18.80
6.80
39.90
22.40
7.40
49.40
27.80
15.40
47.50
31.10
44.60
7.70
5.00
32.70
43.30
22.90
25.70
36.80
26.90
21.30
35.10
29.10
2.80
10.20
39.40
25.00
33.10
30.50
45.40
48.60
3.80
48.30
9.60
21.30
26.70
13.20
14.50
11.20
36.80
33.00
23.50
4.00
23.90
46.00
46.00
17.30
24.90
36.60
40.70
48.50
9.60
16.60
24.60
18.90
8.20
39.10
42.40
0.50
8.30
13.20
13.20
42.50
13.50
15.80
43.20
30.60
7.50
29.20
29.20
48.00
11.00
18.00
32.50
40.80
38.30
11.70
21.10
49.10
33.30
28.30
24.60
36.50
1.30
38.60
17.60
34.80
3.40
15.60
47.00
3.30
6.90
2.50
18.30
15.70
39.20
31.20
25.40
39.80
39.30
49.00
9.00
32.60
26.60
15.80
15.80
47.40
37.10
10.20
5.60
17.60
38.10
47.50
49.70
5.40
11.20
13.80
13.80
29.60
36.00
40.50
8.40
0.30
3.90
48.40
6.80
36.00
11.40
38.10
34.40
35.00
44.40
2.20
7.90
24.70
39.00
37.70
6.20
37.20
31.80
11.10
45.60
36.40
20.00
30.40
29.50
36.20
41.50
6.20
41.60
13.50
48.00
2.00
4.90
6.80
35.70
35.20
22.70
18.50
42.80
46.10
19.20
15.70
21.50
18.30
45.90
49.70
10.10
11.20
20.40
26.00
29.30
47.60
47.60
47.50
49.20
17.90
2.90
47.30
36.70
17.70
39.50
16.60
32.50
26.70
46.90
9.30
45.70
19.50
9.40
10.30
33.00
10.30
45.40
43.00
19.20
30.60
33.00
46.80
1.60
14.00
8.70
0.30
32.70
32.50
20.20
35.30
6.60
13.20
21.20
35.10
46.20
19.30
30.50
42.30
49.20
4.60
22.70
4.70
0.70
27.60
13.30
9.80
25.80
49.90
12.10
43.40
5.10
5.10
47.10
8.70
48.80
25.60
29.50
46.80
1.80
30.10
42.00
46.70
37.50
5.80
4.60
18.30
15.00
32.70
12.40
15.80
12.50
9.60
36.50
19.60
9.60
28.80
0.30
44.50
44.50
32.00
13.00
12.70
45.90
45.90
17.50
34.60
28.40
16.90
6.30
1.50
45.10
23.90
7.70
33.00
5.40
34.50
28.40
4.90
45.20
35.90
10.70
13.70
37.60
6.60
31.80
17.60
31.10
1.20
20.40
29.70
9.70
22.50
7.80
36.50
2.70
23.50
23.80
37.40
2.70
29.90
35.40
23.50
29.90
37.00
2.30
19.30
21.20
25.60
25.10
33.80
16.30
33.10
34.70
9.50
25.80
33.30
12.70
12.70
17.80
47.30
30.70
32.20
21.40
39.30
20.10
13.50
0.00
34.60
18.10
21.10
35.10
29.30
7.10
8.20
15.40
11.00
11.00
15.90
29.70
6.80
22.80
20.10
18.70
37.70
5.80
4.50
42.00
33.10
23.70
14.00
29.10
2.30
16.00
18.70
17.90
46.30
10.20
41.30
3.30
33.40
0.30
23.40
44.30
34.60
35.30
26.20
37.90
41.80
22.90
24.30
28.10
21.10
39.70
24.00
12.60
12.60
23.50
41.90
23.50
32.90
4.30
41.70
2.30
45.50
12.70
12.70
36.80
27.30
5.90
39.90
1.50
11.20
14.60
28.10
43.90
36.90
21.20
34.30
3.30
20.30
39.40
19.60
43.20
3.50
34.10
22.30
38.50
31.50
28.70
10.40
6.10
10.00
12.60
21.50
30.20
21.80
25.80
35.90
13.80
33.80
26.40
17.90
7.60
37.00
11.60
17.50
5.20
5.20
21.80
0.50
33.30
2.30
1.80
46.90
8.70
8.70
44.70
36.30
31.50
31.50
9.00
35.90
14.40
46.40
2.00
28.30
43.70
1.60
3.90
20.40
1.20
6.70
12.90
19.90
42.90
48.30
2.40
20.20
48.20
14.90
2.70
2.50
30.20
7.80
18.50
24.90
33.10
49.20
3.00
8.50
2.80
14.30
49.70
36.70
32.20
32.20
39.10
23.20
35.20
45.40
16.50
29.60
16.50
34.90
40.70
25.10
15.20
5.10
34.10
45.30
34.60
44.10
23.40
38.50
16.70
10.10
35.00
42.60
17.00
46.30
39.20
49.50
23.80
41.80
31.80
44.40
37.10
27.00
30.20
10.60
34.40
30.60
33.50
32.80
7.10
14.00
29.80
13.60
12.70
36.80
30.40
12.30
6.20
40.00
40.10
28.40
17.50
39.30
17.50
39.30
1.10
24.30
39.30
15.80
45.60
7.00
37.20
19.60
39.20
45.70
7.40
43.30
33.40
30.30
43.70
3.80
39.60
39.80
12.90
31.40
8.40
48.70
13.20
36.80
21.00
35.90
0.50
10.50
1.80
39.60
20.90
20.90
13.40
45.40
24.70
25.80
41.10
1.50
14.70
14.40
42.90
12.80
39.50
36.00
25.30
1.50
0.30
29.80
1.00
5.10
42.80
19.00
17.20
25.60
0.20
37.50
5.00
14.60
6.00
25.40
7.60
6.50
49.50
25.80
39.60
31.40
11.90
40.10
30.60
42.80
48.00
46.40
33.20
45.00
42.70
32.00
1.30
2.10
13.90
23.10
14.70
4.90
43.50
33.50
11.50
0.00
37.00
18.10
37.70
32.00
48.40
23.10
14.60
28.90
39.20
40.60
40.60
41.60
12.50
45.70
31.10
6.30
14.70
22.00
17.80
18.70
1.40
8.80
25.60
8.00
8.00
15.30
48.50
41.50
30.60
27.30
5.80
36.10
27.70
19.60
2.40
7.50
41.70
22.10
29.30
48.10
7.20
40.30
46.50
48.50
24.30
37.20
30.60
11.30
23.40
5.90
26.30
38.50
43.80
4.10
6.00
36.00
12.70
11.00
46.50
1.50
34.50
13.10
40.60
39.80
27.90
9.40
26.60
21.10
41.50
43.50
9.40
20.60
31.50
5.70
25.20
42.30
26.50
10.20
44.60
20.80
16.00
38.50
30.60
27.70
2.70
13.20
39.80
12.30
17.50
36.30
32.80
4.10
21.30
21.50
14.80
16.30
34.70
29.20
17.60
44.30
19.40
43.40
14.30
0.30
15.40
42.20
0.50
39.30
42.30
30.70
3.00
43.60
28.30
23.20
2.30
33.90
15.90
1.40
1.40
34.70
19.50
38.30
43.30
22.20
37.70
5.10
6.70
21.40
13.50
9.00
22.20
48.60
31.70
8.10
5.20
1.90
21.00
3.50
3.00
49.40
21.20
25.10
46.40
20.80
49.40
36.40
36.00
33.10
23.10
4.40
2.70
21.20
38.30
35.80
8.80
17.10
13.40
33.50
43.70
3.30
9.40
21.40
38.70
9.40
3.10
43.20
21.60
46.30
4.60
11.50
17.50
44.70
7.10
41.20
46.90
44.90
37.00
48.50
27.30
21.50
34.40
14.00
14.90
28.60
41.40
19.60
19.60
42.00
15.10
23.40
31.30
32.00
43.10
29.80
46.50
38.90
13.60
29.90
45.60
38.30
0.50
33.20
37.50
47.60
42.80
37.20
37.00
24.70
27.00
21.90
38.20
48.70
40.60
7.50
13.00
22.00
47.40
48.60
23.20
14.20
13.10
9.30
9.30
19.90
39.10
39.40
14.30
30.10
37.50
39.10
6.70
0.80
21.50
24.20
41.90
28.20
41.40
0.20
22.30
36.30
2.60
14.50
31.10
34.90
48.80
3.70
29.20
38.80
0.60
4.10
46.80
15.90
16.40
20.80
22.80
5.00
41.10
2.60
43.10
17.70
34.40
28.80
28.80
38.30
44.40
9.30
1.30
28.60
28.60
16.50
28.70
4.90
4.30
15.30
17.70
19.70
22.90
39.90
29.70
6.60
0.50
32.20
34.60
32.60
6.00
11.50
41.70
20.70
32.50
8.60
17.70
32.50
29.30
31.80
44.40
15.20
33.70
30.50
32.90
35.30
17.00
0.10
29.80
37.30
46.90
1.80
47.30
7.10
11.40
44.10
44.10
11.90
0.80
17.40
28.80
5.90
18.30
19.60
14.20
16.50
36.70
7.00
6.40
14.60
48.50
46.50
34.60
44.40
37.80
40.80
16.20
26.00
48.50
12.70
14.60
21.00
34.60
1.60
1.60
26.50
3.40
36.00
30.50
49.60
23.40
21.10
32.70
21.10
37.20
47.40
22.20
7.50
26.70
23.90
31.30
48.80
34.40
34.70
40.80
40.80
35.80
28.40
20.50
20.70
44.50
0.10
4.30
4.30
35.80
7.50
19.20
1.10
8.00
13.90
43.20
37.80
13.90
41.90
34.60
35.20
21.90
10.80
4.10
40.80
41.30
26.00
31.50
32.70
30.10
30.10
28.70
18.70
18.70
18.50
17.70
26.60
10.10
46.10
38.50
18.40
37.10
40.70
17.00
18.30
44.00
22.00
24.90
10.50
36.00
34.10
33.10
17.70
26.80
26.80
39.20
3.20
40.10
3.00
9.80
4.80
35.60
44.00
32.20
45.70
44.60
20.90
8.50
26.30
46.10
46.70
36.10
23.90
21.10
40.30
21.10
40.30
42.30
4.00
6.80
8.90
10.30
35.90
34.00
17.70
39.90
36.10
45.80
6.70
1.40
25.00
38.50
16.80
33.70
15.40
14.00
48.20
17.10
0.30
15.80
23.20
8.60
30.10
30.10
41.60
40.90
38.10
7.00
43.90
4.20
3.50
34.90
30.20
35.90
21.70
7.20
1.60
0.80
33.90
21.80
16.90
13.80
21.70
12.60
25.10
30.30
2.10
28.50
24.50
37.50
14.40
0.60
12.90
23.30
34.50
36.60
14.00
14.60
11.70
14.60
3.50
22.90
32.90
5.70
11.40
2.50
40.70
39.20
43.70
32.30
8.00
8.30
21.40
22.70
32.80
2.20
12.70
32.90
8.30
19.50
30.80
21.00
9.30
45.30
22.10
6.70
44.30
8.90
6.80
34.10
7.00
4.60
22.10
1.50
0.20
12.20
46.90
26.70
22.50
15.10
19.20
24.80
1.90
42.00
40.60
39.80
29.00
3.30
17.50
48.20
35.80
2.40
11.10
25.30
17.80
2.00
25.30
38.50
11.60
30.50
11.60
30.50
49.30
15.80
41.90
33.20
1.50
10.80
48.00
12.10
19.10
22.00
38.30
8.60
20.80
26.90
4.00
23.50
13.60
46.80
48.20
46.00
17.60
36.00
34.80
30.90
11.20
45.10
21.70
21.80
0.70
6.00
47.30
29.30
25.80
0.20
32.40
22.40
22.40
33.00
31.90
16.40
29.60
49.80
49.10
42.30
19.70
47.30
22.30
13.00
8.40
9.80
31.20
13.10
24.80
0.20
41.60
32.90
14.50
20.40
33.20
28.20
40.70
33.20
28.20
40.70
27.90
15.30
14.40
26.00
11.60
48.20
34.30
45.40
45.50
24.60
7.90
31.60
19.90
29.40
26.70
41.40
8.60
27.70
5.30
5.10
45.30
49.20
49.40
36.60
7.90
45.80
0.80
44.60
23.30
42.00
17.90
33.80
34.70
6.10
49.60
13.60
34.50
7.40
24.20
19.70
22.00
32.20
4.60
14.80
9.60
4.10
9.60
4.10
11.90
22.70
5.30
33.30
27.70
8.30
18.50
30.70
28.30
16.80
2.30
12.10
36.60
20.40
45.60
45.60
29.30
39.20
15.10
24.40
7.20
24.30
33.30
31.50
25.10
37.10
42.00
39.70
39.70
41.90
29.20
35.00
3.40
35.00
10.30
49.90
37.80
34.10
8.00
8.30
8.30
20.40
13.60
13.60
38.80
2.90
6.00
41.50
24.00
3.90
3.30
28.00
21.80
0.80
12.10
30.60
45.30
46.10
23.00
22.60
43.20
1.70
45.10
1.50
18.60
43.90
30.20
24.90
28.30
27.50
40.90
32.20
45.60
42.60
20.50
45.70
11.70
6.90
25.20
31.60
42.10
43.50
8.20
8.20
39.40
30.80
36.00
16.20
41.20
1.20
45.00
36.90
3.30
31.30
28.70
28.70
18.20
44.50
42.70
38.80
17.40
43.80
47.30
29.80
7.30
40.60
3.70
45.60
10.40
19.80
47.50
29.80
48.20
32.40
23.00
32.00
47.80
22.20
36.70
37.80
49.60
21.00
38.80
5.70
14.90
13.80
44.30
24.40
9.90
49.50
41.60
45.10
26.10
11.90
44.80
24.80
15.00
23.00
29.50
42.20
37.10
46.20
44.90
13.20
46.20
4.70
13.10
29.70
4.90
3.80
33.80
15.60
23.30
30.20
43.10
29.50
4.90
38.50
41.60
1.40
31.70
32.30
40.40
1.10
20.80
18.40
30.30
42.50
14.10
43.90
15.30
19.70
39.20
21.00
21.00
32.90
23.00
3.50
32.30
34.40
49.70
28.00
41.40
26.90
30.70
12.80
49.10
17.00
16.70
30.90
42.60
34.30
15.70
10.00
22.90
4.60
11.30
4.20
18.80
35.00
26.40
22.60
34.80
27.50
16.40
35.00
9.40
46.70
9.50
7.50
32.00
0.00
16.10
14.10
26.10
43.20
31.80
27.30
40.80
21.40
10.50
17.60
22.80
0.20
10.70
30.40
10.30
29.80
23.40
42.60
35.30
6.50
44.70
8.90
11.50
47.60
6.40
41.60
44.80
29.90
5.40
22.80
7.10
18.20
48.00
5.80
43.10
36.80
31.90
4.60
8.10
9.60
39.60
5.40
1.40
23.80
23.80
46.80
43.00
30.60
1.10
9.50
11.50
25.80
27.80
36.20
9.40
29.10
25.30
41.50
27.40
18.00
2.40
34.80
39.10
13.80
3.80
16.70
3.00
31.40
6.30
6.30
11.50
43.90
43.90
38.90
3.60
46.00
31.20
22.50
25.30
33.30
26.20
23.00
47.60
17.90
18.30
9.40
29.50
11.30
35.40
25.50
5.30
31.60
0.20
9.00
30.30
31.30
37.30
47.80
16.30
39.60
42.40
32.00
47.90
34.60
5.00
11.80
49.40
38.40
16.70
27.40
22.10
49.60
20.10
37.40
8.90
40.20
1.20
38.80
36.00
25.10
3.50
33.70
47.20
30.30
16.20
37.50
42.60
25.30
28.50
23.40
28.60
6.60
6.10
45.10
43.80
43.10
41.10
23.30
16.90
15.00
13.60
48.80
34.30
12.10
21.10
28.90
38.80
42.50
25.50
15.50
17.90
29.60
40.30
19.50
7.70
35.50
46.90
13.00
21.20
18.80
8.40
8.90
35.30
6.80
11.40
10.90
37.70
4.20
22.60
23.20
27.20
39.70
43.90
14.30
32.80
1.40
24.00
42.20
5.50
37.10
29.80
29.80
31.40
25.10
35.40
42.00
44.60
38.40
47.20
22.70
17.30
29.90
18.70
30.60
36.60
29.80
49.40
48.30
28.70
30.70
43.60
5.10
37.20
37.20
6.40
9.10
4.40
41.60
37.50
37.50
3.90
36.70
27.70
23.60
2.40
20.00
31.50
12.00
47.40
22.60
49.90
21.60
37.10
1.50
23.00
13.40
3.30
28.70
41.10
45.70
3.70
11.50
2.20
22.80
10.70
26.40
19.80
25.90
9.70
42.20
37.00
40.30
23.70
39.60
47.20
36.80
40.30
14.60
37.00
37.00
41.30
28.10
34.00
41.30
13.10
2.40
36.60
40.60
22.30
40.80
40.80
46.70
1.20
43.80
44.80
0.40
41.40
26.70
44.80
13.20
33.90
44.20
49.80
20.40
0.40
42.30
29.10
12.70
3.40
43.90
37.80
38.90
17.70
8.90
35.10
44.30
30.00
11.00
15.30
17.00
24.30
26.30
45.10
20.10
13.50
29.00
44.00
0.50
21.40
21.40
1.20
33.10
31.40
4.00
18.70
22.90
41.50
34.90
33.80
40.90
35.60
39.60
48.00
21.00
30.90
32.90
19.30
33.30
31.20
0.30
0.30
9.30
5.90
7.30
42.80
40.70
22.90
44.50
9.80
40.40
46.40
33.70
17.40
9.00
23.60
11.80
28.40
25.10
31.60
49.10
23.60
45.90
24.80
12.50
46.30
46.20
29.30
28.40
26.00
45.80
23.20
32.80
29.90
14.60
2.60
36.70
13.50
17.80
24.60
45.90
10.70
14.70
17.00
33.70
30.00
49.40
5.50
35.30
46.30
11.80
20.10
4.70
12.20
41.50
19.60
2.60
0.60
34.70
48.50
15.20
34.20
48.50
12.60
26.40
43.30
4.00
14.70
10.50
40.10
34.10
6.10
38.40
26.60
12.10
8.90
29.00
33.60
9.90
8.40
44.70
44.50
29.00
49.80
7.00
48.60
22.10
38.10
47.10
43.70
47.10
43.70
43.70
17.10
14.90
28.40
42.50
15.20
1.10
15.50
17.30
42.00
42.00
41.10
22.30
3.90
41.00
32.90
39.00
27.20
3.10
1.70
12.10
23.10
40.50
23.40
6.40
45.90
19.70
46.20
27.90
37.80
5.90
24.20
42.20
19.70
17.60
22.50
32.20
26.50
30.50
21.80
49.30
31.20
24.80
40.70
36.70
3.80
23.70
17.90
34.60
42.90
2.70
42.40
6.50
27.40
18.60
22.60
34.40
5.60
45.00
16.40
36.90
13.00
9.90
34.90
10.30
38.60
37.40
30.90
5.70
2.30
45.20
25.60
34.20
6.40
22.40
0.50
24.40
6.70
36.80
14.40
15.00
22.90
34.20
40.50
46.20
31.40
8.40
12.90
47.70
8.00
26.40
24.20
3.30
42.20
17.90
23.40
45.60
0.30
3.80
38.90
17.90
48.60
48.70
41.10
40.30
26.30
9.80
16.20
6.60
36.70
30.90
20.50
48.80
3.30
30.40
48.60
28.20
25.70
40.60
4.10
18.70
27.20
35.80
15.90
40.20
13.50
2.30
31.70
39.30
3.70
24.90
2.20
40.80
27.90
21.30
0.40
23.70
8.00
48.70
36.40
11.10
40.00
1.30
42.60
34.20
35.10
1.60
0.20
13.80
43.90
30.60
38.80
43.00
2.80
2.80
36.10
32.90
13.70
5.00
46.50
20.00
20.00
17.30
29.00
15.80
11.20
19.80
4.70
19.10
17.20
48.10
28.00
3.50
13.10
21.70
26.00
14.60
12.20
42.80
1.70
0.10
22.50
20.00
38.50
11.90
44.70
26.90
27.20
49.70
45.20
47.80
14.50
41.50
41.50
27.40
36.90
27.10
6.20
5.10
13.40
28.80
17.40
18.80
25.60
20.90
32.30
32.30
1.40
33.10
37.90
17.00
15.40
42.90
3.20
23.30
7.10
16.70
37.80
14.10
5.50
49.30
43.70
28.50
5.60
47.30
11.00
5.30
8.10
31.90
7.40
20.70
36.90
21.40
9.30
20.70
28.50
19.20
48.20
30.60
16.20
38.50
48.50
1.70
0.30
39.40
43.40
31.00
29.20
35.40
5.70
47.30
24.80
32.50
5.60
40.30
36.00
6.80
40.30
40.30
40.00
23.10
36.20
7.60
34.20
36.40
46.80
7.20
32.10
49.20
42.70
49.70
13.80
30.00
48.80
30.90
32.10
3.50
14.20
11.70
4.00
4.00
34.40
4.70
29.00
14.30
4.20
21.80
26.50
4.10
25.30
26.10
10.50
39.90
0.60
28.20
35.10
4.90
48.70
26.20
49.90
14.20
37.50
40.40
40.00
1.70
27.50
26.10
44.90
10.40
4.80
27.40
5.60
28.20
26.90
7.30
15.20
38.80
8.60
5.10
17.80
30.60
43.50
38.10
35.20
28.60
6.60
20.70
33.30
7.90
16.30
41.20
15.40
43.60
15.20
2.70
43.50
26.30
49.40
8.60
0.10
8.90
11.80
28.40
44.60
28.40
6.00
48.70
23.90
10.90
39.20
22.70
37.40
23.10
10.90
10.10
4.20
48.10
43.90
25.10
22.00
12.00
8.50
37.00
5.00
32.50
20.30
37.10
25.10
25.10
48.90
37.40
44.20
11.60
44.40
13.80
31.70
31.50
31.50
42.70
15.60
4.00
5.00
3.30
10.00
24.40
46.20
31.60
44.20
47.30
28.70
9.10
30.00
6.00
10.30
8.20
42.80
41.10
30.20
14.00
2.40
21.70
18.00
21.70
2.20
45.30
28.00
21.10
31.30
8.00
36.80
48.80
46.50
16.40
49.20
44.40
1.20
6.40
44.50
6.20
29.10
32.10
12.80
3.70
0.70
6.00
12.20
25.40
29.70
27.50
14.20
23.00
14.10
10.40
11.00
15.00
33.20
21.70
49.00
43.20
8.80
44.60
44.70
8.30
5.90
49.30
17.10
40.30
21.00
46.10
10.30
22.20
8.20
1.50
26.50
46.20
8.70
36.40
16.10
10.80
10.80
15.90
11.70
16.30
32.70
35.90
39.50
35.90
5.40
38.00
6.60
36.00
24.90
42.90
26.20
31.60
35.90
3.30
3.30
15.90
26.90
28.40
23.50
9.50
40.80
44.00
21.80
32.80
8.30
27.30
27.00
35.50
20.60
41.70
14.70
31.80
17.80
15.30
3.40
2.30
4.30
28.70
24.90
41.90
1.40
28.10
36.10
36.10
19.40
47.70
46.40
12.60
25.90
39.00
45.80
48.10
38.20
49.80
38.20
38.00
13.90
11.60
38.00
13.90
42.80
39.90
31.40
40.00
30.20
42.00
35.30
26.80
46.80
28.00
17.00
7.60
17.00
45.20
11.20
41.40
48.30
25.70
3.30
16.80
26.30
26.30
28.10
17.90
37.30
18.60
17.20
12.90
33.50
13.80
39.50
43.70
29.30
45.90
22.30
44.30
38.10
23.60
46.30
36.70
42.30
18.40
20.30
40.70
6.60
40.00
41.40
23.30
5.90
14.80
13.30
17.00
9.60
32.10
42.90
36.70
10.20
34.90
20.60
4.90
18.20
8.10
41.00
4.90
36.50
32.20
5.80
7.30
16.10
21.30
27.50
11.10
8.10
24.20
32.90
7.40
34.60
48.40
17.80
1.40
41.10
47.50
49.40
7.40
7.40
38.50
42.10
28.90
29.90
13.80
16.40
12.90
3.20
48.00
29.40
2.30
11.00
1.00
17.80
2.70
19.10
0.00
16.30
35.10
6.40
6.40
48.50
42.30
25.20
8.20
38.60
32.40
9.40
8.00
18.40
21.90
15.50
14.10
27.30
39.40
32.00
16.60
13.10
28.40
41.00
8.20
41.00
11.30
43.60
1.30
45.60
49.10
25.80
11.50
3.70
18.40
30.80
14.70
33.40
15.80
26.60
25.80
29.40
8.70
33.20
20.90
37.00
8.00
21.90
34.50
42.10
42.20
17.10
29.90
45.40
30.20
1.30
23.20
36.90
10.80
41.80
22.00
42.40
32.20
23.30
20.70
19.90
8.30
43.90
41.40
46.90
3.60
15.80
47.40
4.20
45.90
19.00
19.50
11.90
6.50
22.10
37.50
31.00
4.70
38.20
42.30
10.10
48.00
0.60
31.60
4.70
21.90
39.40
27.10
27.10
28.00
8.50
48.90
38.00
29.40
0.00
28.90
44.10
26.60
20.90
20.50
35.60
46.40
3.70
22.20
46.20
9.40
17.80
43.70
25.10
49.20
9.60
38.80
4.50
6.10
6.40
19.20
43.50
3.40
49.30
12.40
32.70
39.50
39.60
29.50
13.90
34.30
25.10
46.10
0.30
10.90
9.70
19.90
19.40
12.10
26.50
18.50
47.50
16.10
47.60
36.00
0.80
17.50
12.90
7.50
12.30
13.60
45.30
15.50
5.60
31.90
36.70
3.30
44.30
6.80
32.80
32.80
30.90
30.90
5.40
30.10
23.90
23.00
12.80
2.90
47.50
37.40
0.30
7.00
4.90
4.70
24.00
30.60
31.70
29.60
10.30
30.90
16.80
31.30
38.90
6.00
9.80
43.50
37.80
45.70
48.80
6.50
18.60
38.00
10.50
17.60
44.30
35.40
48.30
12.60
26.00
3.30
3.90
1.90
49.00
34.30
2.90
21.10
0.60
39.60
13.20
2.90
4.90
24.20
14.80
32.70
12.60
1.00
37.70
15.60
4.60
4.40
40.60
18.40
5.60
10.10
11.90
16.00
10.60
10.30
21.90
20.30
35.10
35.30
46.80
15.00
35.30
14.90
19.60
6.60
39.00
40.70
39.00
40.70
45.20
7.20
25.00
33.80
26.30
28.30
26.30
17.00
9.80
9.40
2.70
41.60
26.00
5.00
28.80
7.40
29.40
10.10
16.20
28.20
25.10
15.00
30.20
6.10
7.60
24.40
22.60
31.80
22.80
0.50
12.50
22.40
2.00
25.10
46.60
11.10
19.10
6.20
4.70
38.60
7.60
35.00
12.20
41.20
4.10
28.30
48.40
32.20
45.20
3.20
19.70
33.30
24.70
23.50
39.00
19.60
27.40
49.60
29.40
29.60
48.00
17.50
1.50
20.50
18.60
26.10
3.90
16.80
40.20
47.40
1.00
18.50
24.80
3.50
41.50
1.30
30.40
47.00
38.40
5.30
0.40
33.90
2.50
6.00
9.00
49.40
8.30
13.10
35.30
36.70
43.20
30.10
17.40
43.20
26.10
16.50
0.50
14.90
12.20
24.10
27.40
44.60
38.50
8.00
26.60
3.60
20.50
22.50
16.00
25.30
25.30
9.40
12.70
39.30
12.40
48.30
15.50
39.90
19.30
3.00
48.70
2.60
49.10
47.10
4.70
36.30
43.70
31.00
44.00
31.00
4.40
14.00
3.40
35.70
7.70
0.00
1.70
19.40
13.40
13.40
7.20
8.10
11.80
7.00
25.00
46.40
21.40
19.10
48.10
42.30
16.60
3.90
16.00
41.20
4.90
41.10
47.40
34.00
18.70
44.70
3.30
19.80
2.80
5.80
25.00
3.50
21.70
22.70
23.50
23.80
43.90
42.40
18.00
2.80
47.30
47.00
47.00
22.70
14.10
41.20
49.70
18.60
18.40
29.00
15.50
5.00
41.80
5.30
24.70
33.70
22.60
46.20
12.30
42.20
38.00
16.00
0.90
49.50
13.10
17.00
9.30
33.90
28.90
21.70
19.10
23.60
10.20
32.30
15.70
44.10
31.60
33.60
46.30
30.20
36.40
49.80
8.60
39.10
24.10
37.70
3.60
6.10
3.40
26.30
33.10
34.50
15.00
19.00
1.30
15.30
47.10
2.30
7.90
7.90
1.60
45.00
41.00
14.20
45.30
33.60
44.80
33.60
12.30
40.70
20.20
13.10
39.80
11.70
48.90
39.90
26.90
21.70
39.50
45.20
12.50
34.00
13.80
15.70
41.00
15.60
26.20
9.40
12.40
25.50
25.20
40.90
28.40
25.40
11.60
38.20
35.70
30.40
0.00
24.70
31.20
36.40
29.40
18.60
36.90
24.70
20.60
20.60
49.20
44.30
20.30
9.50
33.60
20.90
0.60
35.30
9.50
13.80
3.60
28.10
22.40
41.40
44.50
28.40
49.20
9.50
38.60
0.20
6.70
6.70
10.60
20.50
16.90
36.00
48.40
26.30
9.30
24.50
24.50
11.80
44.60
45.60
44.90
49.70
29.40
30.00
48.60
33.40
40.00
25.90
11.60
34.10
40.20
10.80
35.20
31.60
43.10
49.90
42.40
0.50
13.30
33.80
24.20
0.10
14.40
29.80
48.70
15.40
25.80
3.50
0.30
36.70
18.90
21.20
25.30
33.20
2.30
31.60
23.20
47.40
30.30
49.40
8.20
48.60
2.30
5.30
35.20
47.50
14.10
20.70
24.50
49.10
21.30
37.90
37.90
20.30
36.50
0.40
45.20
30.40
12.80
28.40
33.00
44.60
5.40
2.80
14.30
15.00
6.10
13.40
44.20
46.70
19.50
10.30
0.00
24.70
13.90
6.80
45.40
5.50
14.50
24.40
7.10
28.90
37.00
48.90
28.10
10.10
10.10
6.20
3.40
24.00
29.80
30.70
21.40
20.10
29.50
13.20
30.90
16.60
48.00
48.00
0.60
40.70
3.30
10.30
20.70
35.00
17.50
29.10
4.90
46.90
23.80
16.20
18.00
18.00
38.90
37.40
48.10
26.50
6.40
11.30
11.30
10.60
34.70
21.20
16.10
47.90
47.90
2.90
31.30
20.10
27.40
7.90
18.60
33.00
29.50
20.50
33.80
31.50
13.20
4.00
18.50
11.20
23.40
14.50
26.60
30.00
24.60
20.00
47.30
9.40
32.80
0.20
3.30
9.70
3.10
18.70
37.80
8.80
16.70
16.70
9.60
0.80
10.80
37.60
35.10
0.00
38.60
33.80
5.40
42.00
18.50
35.90
46.20
21.20
26.20
21.30
17.00
9.50
9.00
48.30
28.30
6.80
16.50
41.50
42.70
29.60
21.40
6.10
39.00
45.90
46.70
17.50
10.10
10.00
39.10
18.20
37.10
46.10
9.40
2.10
2.60
36.60
16.20
34.00
37.50
9.70
41.20
4.40
25.80
41.20
13.70
19.80
36.20
48.30
37.90
17.50
22.60
45.60
11.50
31.90
28.30
13.60
29.50
37.30
29.20
47.40
14.90
16.90
11.50
26.70
26.10
9.60
40.40
42.00
22.70
8.10
22.70
8.10
3.40
13.60
32.70
25.70
4.10
5.80
41.40
45.50
21.70
9.10
36.60
46.30
46.40
35.20
35.80
22.90
18.70
18.10
20.20
19.00
35.60
23.70
39.90
29.80
22.10
21.10
32.40
13.30
5.40
22.50
43.20
26.40
5.80
48.30
9.30
36.70
7.70
3.60
5.20
44.80
47.70
6.70
0.60
32.70
15.90
38.50
22.00
28.20
8.30
17.30
31.30
45.90
28.90
41.90
38.60
29.40
5.50
32.20
4.20
2.70
43.60
21.40
16.80
47.10
7.00
27.50
25.30
35.40
29.60
40.00
11.70
10.70
12.60
45.00
14.60
0.40
28.30
48.50
37.00
18.50
44.80
42.00
19.70
35.30
46.90
46.00
8.70
10.80
39.30
1.80
27.80
27.80
13.90
7.00
11.30
9.60
27.40
49.70
33.90
44.50
43.90
32.60
27.30
27.50
22.80
48.50
19.30
20.20
14.90
7.80
45.90
9.10
24.00
28.00
22.60
22.10
16.80
36.90
22.70
8.80
49.70
37.60
8.90
11.20
20.90
0.40
33.50
29.00
33.60
12.60
20.20
2.30
23.80
45.90
48.40
40.10
12.10
16.30
33.20
43.90
36.60
0.40
22.10
7.20
16.90
6.50
35.40
14.70
47.50
19.80
28.20
26.50
14.80
1.80
16.90
6.20
11.30
27.70
35.90
40.60
16.90
18.30
46.50
5.80
23.80
29.30
29.20
11.80
7.00
39.00
8.40
10.50
45.60
21.40
16.50
41.40
41.40
35.20
30.20
30.20
30.20
25.90
5.80
5.30
32.50
44.60
22.70
12.00
21.20
13.00
30.90
7.20
7.30
42.90
17.10
37.80
4.10
15.40
35.00
27.60
40.90
49.20
34.10
49.90
34.40
6.20
36.80
3.00
46.80
34.70
11.30
49.50
32.70
33.50
31.70
44.70
47.70
25.40
33.40
6.20
1.20
7.00
24.00
16.60
13.80
32.00
17.90
30.40
5.20
21.30
23.50
13.50
3.70
30.30
21.00
48.70
23.90
4.00
31.20
45.40
43.20
33.40
18.20
19.70
45.10
38.20
43.30
38.20
24.70
25.60
48.10
34.40
48.70
43.50
6.20
40.90
12.90
49.30
33.90
43.00
2.30
2.30
49.40
21.00
45.50
43.50
13.40
10.10
38.70
22.70
37.20
32.60
4.40
15.80
41.10
19.70
42.40
40.00
42.40
3.10
23.90
34.80
16.60
23.40
8.10
10.40
45.30
31.80
19.90
23.50
15.70
30.80
46.20
25.60
25.60
8.10
45.60
47.20
18.10
21.70
28.70
20.80
32.40
20.20
39.50
22.60
4.60
6.00
6.00
28.30
48.30
35.30
2.70
12.60
19.40
33.70
0.60
21.20
30.40
35.10
31.60
11.20
26.10
49.40
42.90
41.30
45.90
11.90
37.50
28.00
23.00
8.60
10.40
48.90
38.70
26.10
5.40
33.80
22.90
31.20
49.70
34.20
15.70
25.20
25.50
6.30
48.30
10.00
17.50
43.50
26.10
35.30
47.80
47.90
10.90
34.40
10.70
33.60
35.60
44.60
23.30
37.90
25.50
25.50
43.50
22.10
19.50
49.20
31.90
2.90
10.50
30.10
0.30
31.70
37.60
25.10
28.20
3.50
34.80
47.20
29.20
9.90
5.30
16.20
22.00
8.00
39.30
22.40
32.80
31.70
6.60
23.40
25.90
35.60
35.80
6.60
6.60
43.70
27.70
45.50
24.10
28.50
31.30
3.60
41.70
29.60
23.40
48.40
46.50
38.90
29.10
24.70
10.80
3.10
17.40
3.60
21.20
40.10
7.70
46.40
49.90
11.60
4.40
17.40
35.80
44.60
9.70
16.40
16.80
48.50
8.80
37.20
19.70
18.10
0.00
36.90
31.00
27.10
14.00
14.00
20.20
24.10
10.00
25.30
49.40
13.50
0.50
8.00
49.40
16.00
43.40
4.60
2.30
23.40
46.70
23.80
1.20
38.40
46.40
14.90
5.50
4.50
12.30
12.70
25.90
25.90
19.70
6.50
12.50
46.50
34.70
4.90
9.60
25.70
45.90
15.60
22.10
37.10
46.00
5.50
45.90
10.20
11.30
38.00
32.90
26.10
32.20
3.80
14.50
11.30
6.40
44.10
11.10
18.80
6.80
4.80
7.00
34.40
23.50
20.60
38.00
34.30
44.80
19.10
31.90
30.80
48.60
2.10
0.10
30.40
19.50
11.40
44.30
0.40
19.30
17.40
38.30
21.20
41.10
4.20
47.30
13.10
39.00
34.30
5.50
15.10
40.50
9.40
47.00
27.30
5.10
2.70
12.40
36.40
18.60
38.00
22.90
20.80
13.10
7.90
34.50
30.30
3.10
30.20
6.50
34.20
42.00
10.30
37.80
23.40
20.10
6.60
6.60
6.20
43.60
43.60
46.90
36.40
2.80
18.20
25.90
18.20
45.40
24.20
32.50
18.00
19.40
35.50
5.60
48.90
28.30
38.10
9.40
35.30
46.00
0.60
36.40
7.80
27.10
5.20
35.80
44.50
25.10
35.10
47.30
46.70
46.60
3.30
31.50
3.30
29.40
27.30
12.80
38.10
1.90
46.70
25.20
32.90
25.10
18.90
4.40
17.90
49.20
42.10
16.50
21.00
28.90
12.40
7.60
21.20
43.60
33.00
34.50
39.60
39.50
44.40
42.10
43.60
43.60
49.00
47.30
44.80
45.80
23.90
25.90
32.20
10.50
49.30
27.70
31.70
9.70
36.80
38.60
4.10
0.30
41.70
34.50
47.30
16.70
29.10
16.50
38.80
0.60
40.50
38.30
20.60
18.60
18.20
29.10
28.80
18.90
29.00
33.20
49.40
12.10
12.10
17.80
4.10
3.20
7.90
49.00
0.10
19.40
22.90
34.50
29.80
21.50
37.60
40.90
27.20
23.20
10.50
15.60
13.50
4.30
30.60
17.70
32.00
36.40
4.10
20.80
30.50
6.20
19.50
20.60
42.50
41.10
35.20
39.60
45.40
32.30
9.10
9.10
30.10
12.50
11.40
12.00
14.40
44.00
5.80
41.10
43.50
27.00
45.90
30.60
1.50
8.10
41.20
9.20
27.20
39.40
27.20
13.70
28.50
22.30
12.00
0.30
43.70
40.00
41.80
30.20
47.20
25.50
15.10
42.20
37.00
7.20
37.40
5.10
27.80
20.40
34.90
24.20
14.40
41.90
14.10
14.20
49.00
14.20
11.40
1.30
18.30
10.40
48.70
27.30
27.10
23.20
34.70
37.70
22.00
12.90
32.30
6.60
2.30
20.60
47.70
8.70
24.80
3.80
14.70
39.40
14.70
0.90
11.50
13.00
1.90
22.90
36.80
40.50
21.90
10.50
47.30
12.70
45.80
31.80
49.20
25.10
11.30
19.40
18.60
40.10
24.80
19.10
0.00
19.10
13.10
2.70
46.60
12.40
1.00
11.70
27.40
17.80
1.10
4.00
43.10
0.90
36.80
0.20
8.00
28.50
6.10
6.10
29.60
49.60
46.70
28.30
28.30
0.00
24.20
13.10
16.40
26.90
19.10
21.10
4.50
22.60
12.00
49.10
8.30
33.10
42.50
4.60
22.80
35.90
22.80
15.00
4.80
17.80
2.30
14.70
2.80
12.10
1.80
12.30
48.80
8.90
35.30
37.90
46.60
8.00
37.00
37.00
23.80
0.80
46.80
23.80
29.60
2.50
21.40
43.50
1.40
16.60
21.30
34.80
19.60
8.60
8.40
21.40
48.30
27.80
23.20
8.50
13.50
49.70
16.60
29.90
25.10
33.70
39.60
28.30
45.00
26.10
42.70
13.90
29.90
20.80
8.00
48.60
35.90
18.80
15.70
31.30
31.30
31.00
37.90
15.40
12.20
25.30
25.30
35.50
16.50
49.60
34.10
21.30
36.30
26.20
2.10
36.10
48.30
39.20
36.60
0.50
48.70
48.10
22.50
5.30
44.60
21.30
36.10
1.60
22.50
32.60
22.70
15.60
15.70
38.20
6.30
38.20
30.60
37.20
34.50
28.50
20.60
29.10
41.00
16.80
22.30
27.70
23.10
20.80
30.00
45.50
45.50
30.00
9.80
15.20
6.40
15.70
24.40
46.50
15.20
22.20
29.20
39.50
29.30
33.80
30.00
19.90
30.80
37.10
28.00
21.50
26.20
40.00
36.80
39.50
43.50
42.40
47.20
17.10
13.20
13.10
9.60
16.90
12.50
15.30
36.70
36.70
49.30
14.50
32.80
32.80
15.40
47.50
2.70
37.50
3.10
0.30
40.30
11.70
44.90
49.10
12.00
22.40
28.30
7.30
7.30
36.60
29.90
16.40
25.80
11.70
27.00
3.20
20.80
11.50
7.40
2.30
4.10
38.00
38.00
38.00
34.10
2.80
3.30
31.80
40.20
11.20
17.30
23.90
41.50
25.80
30.90
13.90
47.00
32.80
39.30
14.20
45.70
46.60
39.40
10.20
13.90
4.90
25.10
26.30
11.50
30.10
32.80
35.80
32.10
5.50
8.20
8.20
35.00
23.60
20.70
28.30
26.20
12.10
4.40
6.10
31.30
39.80
33.40
29.70
48.60
1.70
11.30
21.70
27.70
4.80
19.30
12.80
43.80
11.60
9.60
33.40
41.90
19.50
32.30
31.40
4.80
7.70
32.60
43.10
38.90
33.90
20.40
7.70
4.00
2.30
30.30
21.50
42.50
7.40
6.90
14.50
16.50
35.70
39.20
21.90
42.90
36.70
41.00
21.20
13.50
33.00
14.70
6.30
48.60
13.70
8.30
48.00
42.50
33.10
26.50
18.20
38.40
28.10
23.40
13.20
29.20
8.90
1.70
36.90
0.50
7.10
28.30
43.30
38.90
30.30
20.10
32.20
7.30
42.50
24.60
47.20
47.40
6.30
26.80
2.80
11.20
32.70
20.10
10.40
41.50
14.00
12.10
1.30
39.00
30.80
13.30
14.50
16.30
11.00
37.60
44.40
36.50
6.10
17.00
28.80
12.20
35.10
14.60
42.70
22.70
28.50
45.80
33.20
27.10
44.90
28.10
9.50
9.50
21.50
7.40
45.30
20.50
35.90
1.10
43.60
46.70
31.30
42.50
24.50
4.70
34.20
38.20
6.60
45.10
43.40
2.20
39.90
38.10
44.00
1.70
7.10
27.80
28.60
5.70
8.00
44.50
42.50
9.20
6.30
14.90
26.10
2.50
21.30
11.90
15.80
27.30
20.60
9.90
4.20
44.30
39.00
20.20
49.00
20.70
43.00
12.90
25.50
14.70
22.10
48.20
37.30
43.30
10.20
44.60
6.20
13.30
40.30
46.50
29.10
11.80
38.90
1.70
33.30
36.00
42.80
33.10
49.80
25.80
41.20
7.00
36.10
28.80
39.40
3.40
0.70
31.50
15.80
12.70
24.50
20.70
25.90
27.40
2.00
7.60
32.00
45.00
7.60
4.40
24.50
9.00
35.90
13.50
25.00
8.80
41.60
20.10
9.70
12.70
17.50
8.40
13.30
33.10
46.40
7.60
19.80
18.10
44.60
42.00
42.00
44.50
10.90
44.50
10.90
18.00
14.80
44.10
39.50
26.00
5.90
32.30
3.10
37.70
45.30
16.70
2.70
36.60
29.20
29.50
33.30
20.30
5.10
14.20
43.50
46.30
48.50
16.50
21.10
5.30
35.40
40.30
35.80
28.90
11.90
11.90
25.40
47.90
16.90
36.80
0.80
32.20
34.50
49.60
49.60
20.50
42.70
10.40
6.80
29.60
47.60
45.10
7.20
12.80
44.20
11.10
47.20
30.20
20.60
2.30
9.20
38.40
6.40
7.40
24.90
49.80
2.40
44.80
22.30
20.40
8.10
44.10
21.30
40.60
38.10
29.00
12.80
40.70
14.60
21.50
32.10
22.60
39.80
41.00
30.50
14.30
35.40
7.40
35.30
39.90
24.90
9.20
36.10
26.30
18.80
19.10
26.80
16.40
48.40
38.60
36.50
25.50
48.60
25.60
29.30
32.80
16.80
26.10
36.30
48.70
14.90
42.80
35.80
14.90
8.90
25.80
10.60
38.90
38.90
44.90
14.70
5.90
47.80
32.00
29.60
19.20
41.60
38.20
27.40
45.60
27.80
26.70
45.50
32.30
1.50
43.30
25.00
33.00
4.00
17.00
30.90
17.20
24.60
18.20
34.90
0.00
4.00
47.40
8.90
33.70
21.40
27.50
39.90
38.50
23.30
48.50
3.90
44.40
30.30
28.20
1.80
35.50
16.10
46.80
42.90
26.60
46.10
41.10
35.60
2.20
21.40
47.90
36.20
43.10
27.50
17.80
30.40
44.40
13.50
14.80
25.60
46.30
14.10
17.40
45.00
3.10
15.70
10.90
38.50
30.20
49.20
14.50
49.10
19.30
11.60
44.50
24.70
19.80
37.90
5.60
23.80
17.50
38.60
11.00
30.10
6.50
5.00
30.10
38.20
25.10
27.10
5.70
44.40
43.00
0.00
22.30
30.50
31.40
25.50
2.20
32.00
8.40
6.40
35.80
23.00
19.00
33.50
41.70
40.90
17.50
5.80
40.70
32.10
47.40
33.40
6.60
35.10
15.40
12.70
2.70
39.10
28.90
47.10
41.50
22.40
12.10
23.70
35.60
44.80
4.30
27.10
22.30
44.40
27.30
24.90
8.00
47.50
3.20
6.00
37.80
31.90
31.90
8.30
3.70
24.10
47.80
21.00
34.80
31.70
7.90
18.20
48.20
5.70
11.60
16.00
22.10
1.60
28.00
19.40
47.00
18.90
17.30
39.10
21.10
49.60
14.40
35.50
29.40
40.80
45.90
31.80
6.90
43.40
19.40
19.90
3.00
5.30
44.50
31.10
37.70
6.80
0.50
14.60
30.30
18.70
29.00
14.00
48.50
4.00
7.70
6.70
36.70
30.00
32.50
29.60
40.50
41.20
33.60
19.10
19.40
13.40
43.80
6.90
35.40
41.10
12.60
37.30
15.30
12.50
40.20
47.00
27.90
36.50
20.30
37.70
11.80
4.80
35.20
6.60
46.80
26.70
1.50
18.60
12.50
4.10
22.40
11.70
44.00
32.30
45.70
24.60
41.30
10.70
21.10
21.30
7.00
47.00
1.70
13.10
42.10
26.50
48.20
4.80
47.20
39.70
47.10
8.50
7.90
23.40
46.10
22.60
22.60
14.30
3.00
10.80
46.90
33.70
31.30
26.10
39.10
7.50
9.40
25.30
25.30
48.10
20.60
21.60
31.10
46.40
15.40
29.20
38.70
15.30
6.30
18.70
0.00
22.40
16.60
7.00
22.40
1.10
47.60
16.60
22.90
24.10
41.50
32.50
8.00
25.80
0.30
40.20
41.30
26.80
2.10
3.00
13.80
28.30
4.00
17.00
47.40
21.80
47.40
28.20
10.00
36.40
24.00
39.40
36.40
45.10
19.30
43.80
39.80
44.70
29.00
15.50
1.80
1.80
12.90
42.80
11.80
36.20
14.00
22.50
31.70
12.80
17.80
37.70
48.60
48.60
32.50
48.40
33.50
45.20
27.50
37.90
27.80
17.30
24.20
29.90
40.50
49.90
16.40
29.60
43.50
13.00
47.30
21.40
22.60
3.60
14.90
31.60
21.60
44.30
25.80
5.50
12.10
10.90
39.30
49.20
7.70
42.30
14.40
42.30
11.10
7.50
24.70
13.00
6.10
35.30
29.70
21.10
30.40
24.40
3.70
7.30
23.60
31.90
22.00
14.90
30.00
20.10
20.10
40.10
21.90
17.30
14.30
15.50
7.80
7.40
16.20
4.50
30.30
25.00
24.70
43.70
37.60
24.20
35.60
13.20
3.10
7.00
7.00
49.10
42.10
39.60
42.10
34.20
7.70
21.60
39.90
10.30
23.50
34.20
2.10
12.60
27.10
18.30
19.40
39.60
34.90
13.10
13.10
4.80
40.20
6.40
30.40
7.40
42.40
49.70
1.00
13.90
6.40
30.20
24.80
13.10
46.80
28.30
40.50
48.40
46.80
0.60
4.50
23.50
8.10
43.00
43.50
8.10
16.70
4.70
25.00
17.60
27.20
47.30
38.40
7.00
46.00
0.00
19.70
24.70
34.90
40.90
40.90
8.40
38.40
15.60
14.70
4.10
13.50
14.60
23.10
19.20
10.20
26.10
20.60
11.60
15.20
43.30
3.60
19.50
45.70
25.40
32.60
8.10
41.10
7.70
36.40
4.60
37.40
30.00
37.50
19.40
28.00
16.80
22.20
4.00
41.80
41.20
10.90
31.30
47.80
33.60
8.40
3.40
27.60
13.30
19.20
48.40
7.60
44.60
45.40
3.00
5.90
37.30
9.40
36.20
36.20
5.60
9.00
3.90
46.40
3.90
46.40
3.50
43.70
10.60
37.30
41.60
15.30
43.90
28.90
0.10
38.60
10.50
10.50
10.50
8.40
18.70
38.20
9.10
7.90
11.00
31.70
1.00
32.50
29.90
2.50
27.30
44.50
22.10
46.00
48.40
15.00
44.60
44.10
46.70
49.50
40.40
31.00
35.40
48.20
9.60
20.70
2.10
18.90
46.10
39.50
15.10
30.00
6.20
2.30
7.50
15.00
46.90
47.40
17.10
38.50
34.40
34.60
20.60
7.60
8.20
44.90
24.80
37.80
6.70
33.30
49.90
7.90
37.80
16.30
48.90
28.00
37.60
16.60
22.70
25.10
34.70
42.30
41.60
23.30
29.90
44.80
38.40
44.80
38.40
3.30
3.60
27.10
34.90
23.40
9.60
40.00
39.80
2.40
38.20
25.00
48.80
0.30
33.10
33.10
6.10
38.70
38.50
29.20
46.70
43.30
23.60
37.10
35.20
35.00
20.90
29.80
29.80
41.70
0.60
18.90
0.30
48.80
28.50
10.80
12.00
30.60
18.30
41.60
7.10
31.90
2.80
18.50
43.40
2.50
0.80
33.00
40.30
33.90
0.30
19.20
7.60
32.00
6.60
27.40
42.10
31.80
18.20
10.00
24.90
4.50
18.10
38.60
12.50
3.70
34.90
48.80
48.80
29.60
1.60
41.60
25.40
45.50
47.90
47.80
32.50
28.10
47.80
47.80
2.10
32.80
47.60
9.70
35.30
7.40
7.00
29.10
3.60
2.80
47.60
46.50
23.90
40.50
19.20
45.80
30.30
4.30
25.30
34.40
46.80
48.20
45.80
49.80
17.10
14.50
8.50
10.00
14.10
16.20
0.70
49.20
3.90
25.20
46.30
19.40
45.50
46.40
39.80
29.70
0.00
6.10
20.60
17.70
43.40
17.50
11.80
0.70
0.90
43.30
24.30
49.70
46.70
32.50
9.50
40.50
47.50
49.80
17.00
24.60
33.30
22.10
19.10
7.30
22.50
30.10
29.60
26.60
24.80
10.10
42.20
6.50
31.30
29.00
29.00
3.50
23.40
12.20
8.60
0.60
3.50
39.70
34.50
43.60
42.30
49.60
14.70
45.30
29.00
9.40
7.50
7.90
19.90
24.30
25.80
47.00
30.10
16.80
0.10
36.40
2.80
47.00
47.80
23.50
38.90
47.60
19.60
20.20
10.40
36.30
48.90
30.70
43.80