Brasília - Temperaturas:
23.80
26.50
23.60
22.50
40.60
25.80
20.10
20.10
11.40
25.30
28.10
6.90
10.40
32.80
8.70
14.50
12.10
37.10
9.10
45.20
42.00
26.30
21.50
15.60
4.60
7.00
42.10
25.00
34.20
21.60
1.30
45.10
39.90
23.50
18.30
39.60
34.90
14.80
6.40
0.40
0.40
7.40
40.20
49.30
28.00
6.80
1.30
30.20
7.30
27.60
24.80
24.80
13.10
48.00
26.50
45.60
31.40
37.90
25.80
48.10
16.70
16.70
25.00
47.30
39.70
41.90
37.70
18.60
29.20
1.90
27.40
4.10
17.80
26.10
28.70
11.60
11.20
43.30
0.80
42.90
35.20
45.00
49.60
19.50
6.80
44.00
39.40
44.70
19.40
33.90
14.70
4.60
12.70
11.10
29.80
22.20
4.00
13.90
26.30
22.30
48.50
13.10
13.60
4.30
23.30
15.20
24.40
46.00
33.90
40.40
5.80
44.60
44.20
42.60
47.70
30.30
44.40
44.40
39.50
39.50
3.90
22.30
22.30
28.80
10.60
41.60
41.60
2.30
43.90
39.00
38.60
3.60
3.60
48.20
41.00
27.50
11.50
26.90
37.20
43.30
12.00
17.60
24.20
27.30
13.90
22.10
11.60
43.10
41.50
44.60
46.30
33.90
10.00
31.40
8.50
6.00
47.60
32.70
42.90
38.60
12.00
4.70
17.10
34.40
34.60
17.00
15.20
42.10
5.60
11.10
37.80
27.80
5.00
34.10
7.90
32.60
16.30
49.60
36.70
1.70
22.70
8.50
34.70
12.60
42.30
16.50
34.10
3.60
38.40
3.60
44.30
34.90
28.50
47.70
40.00
2.40
38.20
48.80
44.60
36.50
25.80
33.10
6.10
38.50
33.10
37.10
41.60
32.80
41.70
20.90
39.20
30.50
25.90
6.30
10.80
1.90
5.30
41.60
43.20
1.40
7.00
4.50
34.40
0.30
24.40
45.70
28.60
24.20
31.80
23.20
16.80
35.70
43.30
8.00
3.10
34.90
11.90
8.60
1.20
25.40
48.00
7.20
47.80
28.10
47.80
43.80
23.50
32.80
7.60
43.60
7.40
29.10
17.50
47.60
23.90
23.90
40.50
40.50
45.80
4.30
34.40
46.80
47.50
43.10
10.30
45.80
15.20
14.50
10.00
49.20
9.00
25.20
9.80
36.20
7.80
7.60
45.80
21.00
33.20
2.80
18.50
25.90
10.90
49.90
18.90
49.30
19.00
40.50
24.30
47.10
32.50
9.50
47.50
12.90
18.40
9.10
49.20
30.10
29.60
42.50
39.70
42.20
6.50
29.00
26.50
2.80
42.90
20.40
9.20
23.90
49.70
42.30
49.60
29.00
2.10
47.10
14.60
14.60
7.50
19.90
7.90
19.90
25.80
31.30
25.80
41.50
22.00
47.00
16.80
31.50
23.00
7.30
30.20
5.50
23.50
19.60
7.10
4.20
46.30
10.40
10.40
5.60
30.60
30.90
10.20
5.50
17.10
25.70
37.30
42.40
10.40
43.80
5.60
3.60
9.90
47.90
1.30
21.00
7.10
27.30
18.30
32.20
31.20
38.30
47.60
17.20
18.10
17.50
14.50
9.80
27.20
1.70
4.90
22.10
42.90
38.10
42.00
20.40
38.70
2.30
2.60
36.90
42.60
40.90
28.70
40.50
20.00
32.20
21.30
32.30
33.20
33.20
6.60
5.10
39.60
2.70
42.30
40.50
2.70
24.50
18.50
31.30
20.50
15.90
17.30
26.70
49.60
32.40
47.80
38.30
16.80
18.10
31.30
1.10
3.40
42.60
37.60
8.70
12.50
29.10
8.80
8.10
45.60
19.80
36.90
3.60
31.40
1.00
16.00
42.10
20.10
15.30
15.30
47.20
18.90
28.90
29.30
19.90
8.10
38.30
37.70
25.90
27.30
0.80
15.20
47.60
20.00
47.20
24.90
13.50
46.30
19.30
15.50
33.00
18.10
43.20
4.80
47.30
2.50
16.90
36.90
48.00
1.70
36.20
31.90
3.10
11.30
28.80
13.20
37.80
47.70
40.40
24.60
10.30
39.60
8.80
31.00
23.50
19.00
42.30
32.00
1.40
1.40
5.70
48.50
17.60
49.60
6.40
14.30
11.80
45.50
13.30
19.00
23.20
38.00
47.80
8.90
42.20
16.20
39.00
35.30
1.00
29.80
14.10
6.20
2.20
35.10
13.20
28.10
10.70
38.10
35.00
23.80
13.50
2.20
28.90
9.20
34.70
34.70
34.40
34.80
11.40
2.50
12.00
26.80
27.00
36.00
36.80
5.60
38.90
18.30
23.50
26.20
45.00
18.20
1.50
32.90
12.40
29.90
12.40
29.90
45.40
26.50
3.50
45.60
34.40
32.70
0.00
15.70
9.80
38.20
10.70
42.90
27.80
9.00
48.00
23.70
3.30
10.20
34.70
2.00
45.70
46.00
21.00
47.80
10.10
42.70
0.10
13.10
31.40
10.00
33.20
15.50
49.20
22.30
46.80
13.20
49.10
22.40
44.20
16.40
28.00
7.10
24.00
3.10
9.70
39.60
8.20
48.10
49.90
35.20
3.50
26.10
44.00
43.50
35.00
30.20
29.10
11.30
25.00
22.70
8.60
23.20
26.80
23.20
26.80
7.00
19.30
8.90
22.50
26.90
47.70
16.20
13.70
8.90
2.80
16.60
33.80
40.20
39.70
11.10
0.60
40.20
16.80
39.50
19.30
24.90
39.90
20.90
20.90
26.90
30.90
6.20
21.90
11.30
9.70
31.10
21.40
33.80
24.10
34.80
17.40
2.80
26.00
26.00
33.80
12.70
8.90
22.70
22.70
32.00
13.10
49.90
1.20
39.40
39.80
11.20
26.20
21.30
8.90
2.90
2.30
44.30
12.90
34.70
20.40
9.40
31.60
37.60
49.30
20.40
6.90
48.10
39.60
0.20
21.30
11.90
46.50
42.90
43.90
2.30
0.20
17.30
8.80
33.40
44.70
45.80
7.10
7.10
24.90
16.40
2.10
27.90
44.30
46.20
10.40
28.50
28.50
48.80
40.90
14.90
45.90
2.30
45.80
46.00
25.50
28.30
34.10
14.70
13.20
14.80
23.00
49.30
20.00
14.70
44.10
44.20
42.70
2.60
38.70
41.50
28.20
9.90
13.70
37.20
27.30
37.00
8.70
45.50
41.40
0.80
38.10
16.80
42.40
47.90
25.70
33.50
24.90
34.80
39.90
46.80
44.50
18.10
19.90
42.00
43.00
3.70
23.40
32.70
19.10
38.10
41.10
43.80
24.00
45.90
49.30
4.00
17.70
26.90
2.10
38.20
49.60
22.20
44.20
42.00
33.90
42.10
35.10
8.60
42.60
25.40
5.50
40.50
4.20
28.20
22.70
20.70
33.60
23.80
7.20
8.80
29.80
43.20
48.10
7.80
9.10
9.10
26.60
41.80
32.80
47.90
35.20
13.10
40.30
40.30
42.10
40.80
37.80
46.20
16.60
3.50
16.30
8.50
19.70
25.00
6.40
13.40
3.40
3.40
24.50
44.80
21.20
7.50
43.30
26.40
20.60
33.40
14.00
45.00
45.30
26.50
27.80
22.40
33.60
24.00
1.30
9.40
20.20
23.50
3.90
35.10
43.90
19.80
32.60
5.60
5.30
23.20
3.10
39.20
3.00
17.60
9.90
18.20
49.40
44.70
8.00
8.00
34.10
28.00
4.70
47.90
15.50
21.70
24.60
30.30
45.50
1.50
37.80
20.40
34.10
43.80
12.30
30.70
24.70
26.00
4.80
41.80
48.00
20.40
43.30
6.10
4.40
14.40
45.20
44.80
14.70
7.70
46.50
18.10
2.50
38.70
15.80
3.50
19.80
32.50
8.90
15.80
28.50
48.40
36.30
9.80
43.50
36.50
36.50
40.50
8.30
40.70
12.50
10.30
7.90
40.60
11.00
26.10
40.80
21.00
21.00
34.40
22.60
49.90
15.10
39.20
32.70
45.20
43.40
13.50
30.10
12.00
1.00
19.20
12.00
46.90
39.40
36.30
0.00
19.20
5.10
22.90
17.10
43.30
8.60
20.80
43.70
46.00
16.40
26.50
35.60
15.30
29.40
45.70
3.40
23.20
21.70
14.70
38.70
26.60
13.30
11.10
40.90
30.50
35.80
4.70
3.40
49.00
41.40
28.80
18.50
33.80
44.50
24.60
43.40
42.70
29.50
42.70
29.50
30.50
44.30
41.80
23.50
19.70
11.00
10.30
35.10
38.80
37.20
33.80
0.50
48.00
22.10
35.60
1.10
8.40
39.30
27.20
28.70
1.90
48.00
17.50
8.70
40.10
5.00
31.60
21.50
2.60
43.40
1.70
2.20
6.00
17.60
32.50
49.00
38.10
13.20
43.60
26.60
10.80
29.60
49.20
49.70
24.00
30.30
38.40
27.30
8.80
35.20
10.00
10.80
31.80
34.00
43.80
33.10
21.60
12.80
11.90
1.80
11.80
36.60
30.00
39.50
39.50
29.20
14.30
15.20
3.50
39.30
19.40
12.20
30.80
34.10
12.10
29.50
12.00
1.50
40.60
2.00
7.20
2.00
7.20
15.10
7.00
17.50
47.80
45.50
17.70
1.70
15.40
14.80
1.20
48.60
43.20
7.10
33.80
7.30
35.40
49.40
49.40
43.50
29.60
5.50
9.10
8.40
23.90
30.40
36.00
29.00
38.70
1.50
44.00
20.40
38.00
7.90
0.30
10.00
7.80
15.60
22.70
22.70
7.40
48.10
22.70
36.90
21.20
26.70
40.80
37.50
28.00
21.00
21.40
40.10
35.70
1.80
15.70
26.60
3.00
48.60
42.00
37.50
42.00
37.50
8.90
31.40
1.70
26.80
44.80
30.90
41.20
41.20
36.60
26.70
18.30
16.40
18.30
16.40
29.20
37.60
28.30
16.40
21.30
38.90
36.50
30.40
20.60
3.70
18.70
27.70
21.90
24.90
40.30
1.20
43.90
27.90
41.10
11.30
25.30
11.30
13.60
24.60
28.90
1.80
24.70
24.90
23.70
12.00
22.60
9.60
3.10
3.10
11.00
4.30
32.90
41.90
11.40
9.90
49.80
1.80
1.80
17.30
19.90
36.40
31.90
28.50
16.60
11.50
13.00
15.70
25.60
11.00
38.80
14.70
1.10
6.90
29.70
18.60
42.10
10.50
1.50
40.60
26.30
41.30
12.00
37.50
29.70
1.50
0.40
0.40
3.20
24.30
14.80
16.50
4.30
22.10
19.70
4.70
46.60
33.40
1.10
42.50
4.70
19.20
45.10
16.20
46.70
27.70
41.50
3.80
42.20
9.80
12.20
13.80
30.00
3.70
41.30
0.00
19.30
31.50
49.90
40.30
4.00
41.30
36.60
44.30
43.60
43.60
27.80
37.80
47.90
15.00
7.50
26.40
27.50
48.50
47.50
17.90
0.30
46.00
6.10
29.80
48.90
48.90
39.10
10.20
16.30
11.50
32.80
28.80
14.90
7.00
38.90
36.30
29.60
28.90
33.40
7.70
16.60
28.60
6.60
40.60
49.80
47.30
21.30
13.20
9.60
8.60
46.90
3.30
31.30
45.50
35.90
8.40
2.60
26.50
33.40
38.50
1.00
1.00
5.60
40.50
17.30
7.50
12.70
26.70
40.20
0.90
47.50
21.10
0.10
11.40
36.40
45.40
2.70
48.20
36.40
17.00
16.90
17.90
7.50
17.40
25.70
1.80
20.40
14.30
30.70
14.90
43.60
15.40
5.10
6.60
42.00
7.50
8.20
12.80
48.60
48.60
47.40
15.00
25.70
25.70
6.60
36.90
33.20
40.80
17.90
6.40
18.40
33.00
29.00
14.50
10.40
6.60
3.60
3.30
6.20
42.20
27.70
22.00
21.10
20.50
17.70
33.80
18.30
38.70
18.30
36.40
32.70
1.40
8.50
46.60
5.80
46.60
5.80
21.70
15.80
49.20
49.10
49.10
38.10
39.90
7.80
27.80
13.40
13.40
14.90
1.20
39.40
6.50
7.10
33.50
43.90
43.90
17.20
4.70
7.50
30.30
4.00
34.60
20.50
14.70
49.90
48.90
14.70
49.90
7.00
7.00
31.60
24.70
25.90
21.50
21.50
34.50
16.60
30.10
35.70
5.80
9.50
32.20
37.40
9.50
20.60
22.10
1.00
28.40
28.40
35.00
18.40
3.20
26.20
26.20
37.40
20.10
40.10
32.00
5.50
28.70
25.20
33.00
10.60
26.80
7.00
30.80
30.80
26.70
17.10
38.40
42.50
2.80
9.20
33.60
2.80
37.10
19.00
49.60
21.10
4.90
49.10
15.10
49.00
19.60
35.30
12.60
35.30
12.60
17.00
38.80
29.00
25.50
35.30
28.30
28.30
19.50
42.10
32.40
32.80
36.40
44.90
9.30
10.80
41.70
30.10
17.30
3.20
0.60
47.80
41.00
41.00
6.60
9.70
48.40
48.40
11.20
8.60
43.90
23.80
34.90
15.30
30.30
30.70
11.80
6.90
33.90
30.70
32.80
33.10
49.80
38.70
39.90
7.60
17.20
19.50
30.60
49.20
34.70
44.80
8.00
44.10
1.00
3.70
15.80
19.20
6.30
48.10
20.90
16.80
5.60
17.60
14.40
22.10
11.50
20.30
9.70
16.40
25.00
3.10
33.00
41.90
45.60
45.60
27.20
9.30
19.00
15.20
22.20
21.40
17.00
36.40
35.40
32.60
14.20
12.50
45.10
48.80
36.10
44.40
20.30
38.70
43.80
45.10
45.10
0.50
11.10
37.20
23.80
31.40
27.40
37.70
43.40
9.90
10.60
38.10
3.00
49.20
30.90
17.40
41.10
41.10
23.40
26.80
33.10
12.00
16.90
8.30
10.50
7.10
43.60
23.20
32.80
22.20
49.70
16.00
9.30
25.30
6.90
25.30
6.90
34.00
44.00
13.90
31.50
34.00
19.20
38.30
22.10
25.60
44.10
13.70
5.50
5.30
5.50
5.30
44.10
13.70
5.50
36.20
34.90
17.50
5.20
26.20
23.10
30.10
21.80
47.10
33.30
33.50
21.20
28.80
38.90
4.70
13.90
2.00
34.80
7.80
5.70
34.70
34.90
1.60
2.20
31.10
45.60
14.40
44.10
7.00
10.20
22.70
10.50
11.20
4.10
28.70
37.80
10.60
11.00
32.50
5.20
17.10
31.10
16.10
5.80
40.00
27.30
17.70
44.10
44.90
23.00
26.80
7.40
47.20
26.90
12.50
7.50
22.70
30.00
14.90
33.70
23.80
37.00
37.20
18.50
26.60
32.80
23.90
35.90
31.60
32.80
18.90
43.60
16.60
8.60
49.10
7.30
3.70
12.80
10.90
23.80
37.50
6.10
34.70
41.90
6.10
41.90
16.90
8.50
8.50
37.80
30.10
1.30
4.50
37.80
30.10
1.30
1.30
4.50
10.00
43.00
27.20
11.30
28.60
7.00
6.40
36.70
7.00
47.50
25.60
48.40
4.90
37.00
41.90
3.80
16.70
43.40
19.30
38.50
7.60
30.50
38.50
7.60
30.50
29.50
14.20
0.20
14.20
22.90
39.80
20.00
47.70
11.60
20.00
47.70
31.60
27.70
2.10
49.80
27.70
2.10
35.60
46.00
0.10
45.70
8.80
46.40
49.90
29.70
7.00
35.30
8.70
26.70
20.10
47.30
46.90
31.10
44.40
11.90
24.50
28.80
14.70
13.20
0.50
14.90
9.70
32.40
8.10
44.60
10.30
9.70
32.40
37.60
32.40
37.60
8.10
44.60
10.30
14.60
29.80
39.70
29.90
22.30
32.50
35.70
35.70
1.70
31.60
20.30
7.70
41.50
15.10
23.50
44.80
33.70
41.90
14.80
4.30
1.90
40.70
6.40
35.20
23.50
37.10
47.90
28.30
22.90
10.80
29.50
36.80
11.30
31.40
42.00
42.00
3.10
22.60
5.90
13.10
30.70
40.20
42.60
23.70
29.70
43.00
23.00
16.60
6.00
21.00
25.20
24.90
17.90
47.70
8.70
18.70
31.40
34.80
2.50
41.90
14.10
10.40
20.00
49.60
38.30
24.20
33.50
12.70
42.10
49.20
6.30
29.40
9.70
35.50
31.40
43.90
15.40
49.40
15.40
16.80
46.90
11.70
0.90
13.30
29.70
39.80
2.20
10.40
19.40
19.40
38.30
46.00
26.20
28.20
45.90
32.20
32.30
17.40
49.40
34.50
3.50
32.20
35.90
27.40
30.40
38.00
38.70
12.60
5.20
45.20
49.80
41.70
49.80
41.70
39.10
42.20
41.10
36.90
27.50
27.50
16.90
24.10
21.40
10.90
46.50
46.00
35.40
19.20
29.20
47.00
11.20
9.00
25.20
35.50
18.70
0.70
21.80
48.50
32.50
48.50
32.50
29.80
29.80
3.00
20.10
47.30
6.70
2.00
29.20
47.30
6.70
27.30
39.20
31.20
14.30
0.30
8.90
43.40
24.00
39.60
49.70
47.80
4.00
36.90
14.80
42.40
29.10
43.60
2.70
29.10
3.40
43.20
26.70
12.60
44.30
19.10
8.70
35.90
22.30
17.10
8.10
11.00
8.10
11.00
12.80
34.50
22.40
23.30
31.30
30.30
1.30
15.60
23.40
20.50
17.90
6.50
44.80
44.80
38.40
47.60
30.50
5.20
6.00
2.80
32.80
25.40
12.20
25.40
12.20
37.40
16.20
5.30
21.30
37.30
33.20
23.10
23.30
36.10
2.70
22.50
39.10
31.40
47.90
35.90
49.50
39.50
2.00
2.00
11.10
22.30
46.40
45.50
40.80
25.70
8.60
18.70
21.60
34.50
39.90
43.20
17.60
7.30
16.30
45.90
38.90
2.90
17.70
18.50
18.30
17.30
33.50
16.00
40.20
26.10
26.10
28.50
45.90
16.70
15.70
22.40
28.00
4.10
41.30
42.50
46.70
49.00
26.10
46.90
40.00
25.70
23.60
11.40
15.20
6.50
17.80
6.50
7.10
24.80
24.80
33.00
13.10
16.80
33.90
20.10
20.10
1.00
33.20
5.60
9.60
15.90
9.60
22.80
10.70
24.60
25.60
30.40
44.00
45.70
31.50
17.20
31.10
38.30
4.20
0.20
47.40
26.60
6.70
0.20
47.40
29.70
30.20
30.20
47.00
22.70
24.30
30.80
20.10
27.60
36.20
30.80
20.10
25.90
25.10
33.80
4.40
11.40
9.30
30.90
30.40
27.70
26.00
32.90
20.90
28.90
18.90
10.80
34.00
32.80
41.60
38.80
17.50
33.90
10.10
19.90
20.20
20.20
29.90
49.10
49.10
33.30
33.30
37.70
5.20
44.80
4.10
22.20
42.10
38.50
36.70
9.70
24.60
23.10
26.00
28.00
28.00
12.80
0.60
18.30
23.60
29.70
20.60
46.40
11.40
40.00
29.30
0.10
21.10
5.20
40.50
18.30
26.80
29.70
18.40
23.20
11.00
16.80
21.30
31.50
11.00
16.80
31.50
34.70
32.90
30.80
15.30
15.70
47.10
9.10
9.10
42.20
19.20
36.90
34.60
33.30
32.00
1.00
4.50
38.00
36.80
6.30
5.10
30.40
21.30
44.00
48.90
3.40
32.00
18.40
21.90
22.30
37.30
35.30
28.40
39.90
3.90
35.30
34.20
46.30
39.50
49.80
1.70
1.00
45.70
32.80
7.20
37.60
4.70
7.80
22.90
1.60
30.60
49.70
45.80
39.10
29.30
39.50
35.40
48.70
43.90
2.20
3.20
28.80
16.50
0.20
28.30
46.50
44.10
5.20
46.50
44.10
30.40
32.00
30.30
26.50
41.80
17.90
47.40
14.90
42.50
0.20
14.60
43.80
23.60
23.60
31.00
16.50
37.90
16.50
37.90
10.70
37.90
10.70
3.60
49.70
49.70
5.10
30.50
7.30
40.00
20.90
6.80
13.60
31.70
38.10
12.80
27.00
46.40
41.10
15.20
9.50
29.80
18.80
16.30
2.20
5.70
4.60
40.30
49.60
48.30
10.40
23.90
8.40
15.20
14.70
37.70
38.70
14.70
37.70
38.70
47.80
44.20
48.30
36.40
30.90
30.90
48.40
8.00
14.20
38.70
13.30
25.00
37.30
38.30
42.80
15.70
14.20
32.50
1.20
11.70
41.80
2.40
22.40
48.70
19.90
44.70
19.00
27.70
27.70
14.80
48.90
35.20
39.10
10.50
47.10
47.80
23.80
44.60
28.80
27.10
27.10
25.80
21.10
37.90
26.60
45.50
5.00
37.90
15.30
15.30
18.60
40.00
11.10
19.50
0.30
2.70
19.30
11.40
29.20
33.60
26.20
0.40
4.10
17.60
25.20
40.30
34.10
4.50
2.10
19.80
0.20
15.50
8.50
42.40
16.80
26.40
20.70
25.00
44.90
13.00
17.00
23.60
38.10
38.10
28.70
7.70
14.30
33.90
27.30
18.40
7.90
29.50
12.90
5.00
45.30
28.60
30.10
27.10
44.90
43.70
27.00
47.00
16.30
13.40
11.40
26.70
26.70
32.60
19.50
12.00
10.40
4.70
4.70
5.70
8.60
26.20
6.80
48.00
49.00
33.90
8.80
39.00
13.20
13.20
0.60
15.50
2.30
49.10
46.60
48.70
8.90
33.10
48.70
8.90
33.10
23.40
29.80
20.60
6.00
29.00
43.00
37.30
6.70
29.30
9.50
15.00
40.60
20.80
35.10
41.50
44.40
39.90
11.20
23.30
49.20
33.60
8.40
36.70
43.60
41.40
45.40
36.20
9.80
22.50
27.70
46.50
7.10
40.00
40.00
5.80
25.20
34.80
10.90
48.50
38.80
43.10
46.30
46.30
44.40
45.00
16.30
44.00
41.90
36.00
40.20
43.80
6.20
6.20
13.10
23.90
44.20
5.00
43.60
25.90
14.00
33.00
44.60
41.50
0.30
0.30
35.50
17.60
21.10
17.40
39.10
7.00
1.50
7.70
36.50
3.40
30.10
19.30
44.40
20.20
37.00
32.10
27.70
27.70
47.30
47.00
39.80
26.60
48.40
22.90
32.10
37.70
29.60
7.50
47.40
11.40
11.50
35.10
43.00
35.60
20.90
13.00
15.90
24.90
17.40
17.40
46.70
12.00
42.00
14.60
10.30
0.30
44.70
11.70
10.70
21.50
21.00
18.80
7.30
17.50
5.40
29.90
25.30
48.80
48.80
32.00
10.30
47.70
17.10
41.90
48.30
14.90
45.00
28.50
29.50
29.50
26.00
6.80
34.10
11.10
43.40
36.40
14.90
11.20
14.00
30.70
20.80
11.50
36.70
31.90
36.70
15.50
9.90
30.40
11.40
2.40
2.40
11.40
23.40
36.00
40.40
38.30
3.00
44.30
8.60
28.20
26.80
7.80
32.40
11.70
33.80
49.70
22.10
1.10
27.90
0.60
49.70
25.30
1.80
40.20
3.00
42.40
47.40
48.90
30.00
16.90
36.00
43.20
14.90
4.50
43.20
18.80
14.00
27.40
22.40
3.10
10.80
9.30
9.30
24.30
30.40
28.80
31.70
15.90
4.50
45.20
22.60
24.30
24.00
42.70
8.50
5.80
17.10
18.60
49.50
31.50
32.70
44.70
41.00
24.10
8.20
41.20
15.80
37.30
28.20
42.50
49.80
48.90
18.10
44.50
39.00
28.80
1.50
45.50
16.30
44.60
37.00
36.50
37.40
20.40
36.20
41.00
32.50
8.50
35.70
23.00
14.80
27.60
22.10
17.50
24.40
7.20
26.10
28.90
1.60
19.00
21.00
46.30
6.90
44.90
29.90
38.00
3.70
3.60
34.70
15.90
8.60
25.30
10.90
47.90
26.20
21.40
3.70
35.60
37.90
30.30
6.30
22.60
42.90
22.20
45.10
11.80
36.40
5.50
13.10
37.20
6.20
1.50
28.50
13.70
38.00
46.80
20.60
5.10
31.00
30.00
36.50
1.90
4.50
44.30
2.30
8.70
32.30
0.40
31.60
3.20
28.40
26.30
13.60
13.60
40.70
36.00
35.70
43.30
5.60
5.20
34.30
45.10
32.20
14.70
5.80
22.50
42.00
31.20
28.00
0.80
49.50
36.40
43.20
39.60
16.10
46.00
9.10
18.00
12.00
3.40
27.80
44.50
21.70
47.80
40.80
32.70
13.00
18.70
11.90
27.10
42.20
42.50
20.20
5.10
31.60
24.80
38.00
39.60
44.00
22.80
28.40
49.30
49.80
43.00
31.20
9.70
28.40
36.60
15.20
49.80
21.70
42.30
10.90
4.10
16.30
44.40
31.80
5.70
36.60
29.90
21.10
44.60
9.70
39.90
48.70
10.70
37.90
49.10
19.80
1.50
28.70
37.00
14.50
42.80
6.70
1.90
25.30
36.50
28.30
9.50
11.80
4.30
20.30
46.70
16.80
10.70
49.50
10.40
18.10
42.70
12.30
10.10
35.90
48.50
15.10
14.10
48.10
43.50
3.90
36.90
19.00
19.60
24.60
8.80
41.20
19.90
15.90
41.80
25.40
6.80
49.40
40.90
10.60
47.90
10.50
35.10
48.40
22.50
15.50
10.20
22.50
30.30
15.70
0.70
20.90
18.90
32.50
20.50
48.50
36.20
22.80
1.90
24.10
24.10
2.80
43.30
37.20
45.50
44.20
45.50
23.20
1.80
1.80
35.50
36.00
36.00
17.70
20.00
29.10
23.20
10.70
46.30
12.40
34.40
41.80
12.40
34.40
48.80
15.00
15.10
42.10
3.00
3.20
1.80
32.30
27.30
44.10
33.30
10.00
8.50
19.00
21.40
24.70
26.50
47.80
39.00
3.70
33.10
4.60
16.80
23.20
8.50
44.80
18.00
37.20
37.20
41.90
36.90
49.80
21.10
19.70
19.70
5.70
38.10
10.20
38.80
7.40
1.70
16.20
11.40
11.80
33.00
35.10
14.40
3.30
39.60
33.20
34.30
14.80
12.60
46.10
32.50
29.90
24.00
1.90
46.00
18.30
18.30
14.70
44.60
46.20
37.60
28.40
43.70
19.80
0.60
21.50
37.50
46.90
13.50
15.60
44.10
10.40
19.40
46.80
33.50
17.30
29.70
26.60
40.10
16.40
14.40
41.20
48.50
32.00
39.20
23.00
3.10
23.80
23.80
48.10
28.00
41.90
13.40
12.30
26.50
40.30
49.00
38.00
5.40
10.50
25.20
25.20
17.60
18.50
21.00
41.10
38.60
29.40
25.70
39.80
6.10
0.90
0.10
26.10
22.00
12.50
45.00
43.60
43.60
17.00
20.50
25.80
41.20
25.00
28.50
30.50
8.50
11.30
40.50
9.50
9.50
19.70
0.80
24.10
28.10
9.40
24.10
43.00
1.90
26.40
3.20
14.90
37.20
20.70
29.00
44.30
14.00
20.50
8.80
16.10
36.50
42.40
13.90
7.30
48.00
22.90
23.80
12.90
12.90
34.70
8.40
9.10
37.20
37.20
4.90
23.60
40.40
28.80
28.80
5.50
27.10
24.90
23.60
1.70
27.60
48.30
48.30
43.90
14.80
12.90
23.90
25.40
38.70
12.50
31.20
19.00
19.70
34.80
7.50
32.20
13.70
21.60
16.60
36.10
7.80
42.50
32.10
39.60
7.70
18.80
36.30
0.70
31.30
2.00
9.00
25.40
38.30
17.90
17.30
14.90
9.50
48.50
22.40
35.10
29.70
12.40
18.40
39.70
25.10
28.60
35.80
25.20
42.60
9.30
10.40
16.20
18.70
41.20
26.00
27.60
26.60
6.40
15.00
15.00
13.50
22.50
15.20
17.70
10.20
3.00
3.20
42.20
38.90
26.90
36.70
18.50
27.00
48.70
13.40
33.20
23.30
41.30
12.70
32.80
2.70
27.50
43.80
31.00
16.80
42.30
20.60
44.90
38.30
48.20
32.60
9.50
37.80
29.00
8.50
14.00
10.80
2.20
19.70
49.20
18.10
27.30
19.50
12.00
12.70
37.50
4.60
43.00
19.60
30.20
42.60
13.20
27.90
37.20
30.90
31.70
47.50
35.60
16.10
43.30
21.80
23.00
4.80
19.70
0.00
1.10
21.80
43.00
34.90
10.30
11.80
26.00
4.40
12.00
21.60
25.90
5.80
0.90
3.90
12.60
23.30
35.10
44.30
20.50
34.30
1.30
42.30
15.20
20.90
49.30
22.90
16.00
33.70
26.70
4.90
23.70
33.90
20.20
34.00
31.50
23.00
34.30
30.30
2.60
43.20
35.20
25.50
0.50
30.10
12.20
31.90
47.80
34.80
33.30
33.50
38.90
2.30
49.20
6.10
36.80
2.10
5.10
8.90
45.00
23.60
12.70
5.00
4.20
36.40
3.70
41.00
15.50
49.70
33.20
37.80
11.50
45.60
4.80
2.40
33.20
34.80
43.20
19.90
45.50
22.80
3.40
7.80
49.70
6.20
11.20
38.60
39.10
36.90
16.40
12.20
17.40
30.40
49.90
38.00
1.00
23.90
42.90
16.60
46.90
3.90
15.30
28.50
28.30
3.80
26.80
0.60
2.70
2.60
31.40
41.00
41.90
34.00
41.40
45.60
1.40
45.30
16.50
8.00
39.20
3.60
48.30
7.90
36.00
20.40
38.50
20.50
21.90
46.70
28.30
13.50
10.90
2.00
10.90
42.60
0.50
6.30
34.20
43.70
39.80
18.30
29.80
11.80
1.80
2.60
11.20
33.70
18.20
21.80
17.80
6.40
0.80
25.00
41.50
11.10
4.40
40.50
45.10
15.20
48.30
49.40
21.00
12.80
32.80
40.70
41.60
33.30
18.80
6.50
35.90
7.50
16.50
24.00
11.40
29.90
5.90
3.20
41.90
1.60
38.70
42.30
12.70
3.50
2.40
37.70
25.30
15.90
42.30
49.20
27.10
40.00
3.70
8.20
46.60
2.10
34.20
21.20
27.80
19.40
15.00
22.40
34.40
9.90
28.20
12.90
44.90
15.00
20.00
45.10
33.20
45.40
36.10
32.30
2.10
47.20
35.40
0.40
40.80
10.40
14.60
20.50
8.10
33.20
41.00
18.30
28.60
36.80
4.20
1.10
11.50
31.10
6.30
26.30
43.20
0.80
41.90
25.10
37.10
29.90
36.00
41.60
19.30
49.60
34.90
46.40
13.10
2.40
44.90
32.50
28.30
45.80
39.90
42.40
35.70
44.70
35.90
19.40
0.50
1.00
15.70
41.60
5.60
8.20
29.30
34.20
37.80
43.40
36.90
24.20
41.50
18.30
12.70
41.20
7.00
11.50
28.70
35.80
22.30
31.00
27.30
22.90
22.50
5.10
24.30
14.90
3.40
45.80
35.50
38.30
40.30
42.30
49.60
0.10
6.80
42.10
27.70
13.30
21.00
3.90
10.40
31.50
17.10
36.90
26.70
49.10
34.70
3.90
5.90
47.00
7.60
23.40
4.30
34.10
47.50
16.50
26.30
14.20
42.50
29.40
46.20
13.20
49.30
31.20
22.20
29.50
44.80
26.00
3.60
45.40
16.00
2.10
37.90
4.20
29.30
16.80
20.00
42.40
27.30
6.30
18.70
17.90
34.90
15.80
47.10
23.40
11.30
34.00
3.10
3.60
36.90
38.00
30.50
32.70
12.50
3.50
31.00
17.60
10.10
43.40
4.90
36.90
17.90
0.90
41.70
21.40
6.80
5.10
31.80
22.40
32.60
44.30
7.10
3.60
27.60
8.90
8.80
35.90
9.00
7.30
32.10
12.30
29.10
43.80
31.30
7.50
3.30
35.60
7.80
4.30
15.60
49.20
19.20
27.20
20.50
0.90
27.20
16.80
22.50
29.60
11.50
43.30
43.00
46.50
31.00
46.70
19.40
35.50
13.60
26.50
40.70
31.90
5.00
3.00
23.70
48.70
0.60
40.10
46.40
22.90
4.90
4.60
32.50
3.30
18.60
9.70
18.30
5.40
9.70
10.50
28.80
47.80
48.10
41.40
1.10
0.10
8.60
5.80
26.40
16.30
26.70
15.90
43.80
47.50
46.70
43.30
2.50
42.00
42.90
22.60
6.00
16.30
13.20
9.30
28.40
21.90
38.20
34.20
31.20
11.80
4.40
1.70
37.10
17.90
48.00
25.50
9.70
25.80
19.80
11.90
3.80
2.50
23.10
31.20
4.80
22.00
31.90
17.10
9.80
7.10
9.10
3.40
8.80
31.60
47.60
25.60
38.50
28.70
30.70
21.20
13.20
41.70
8.30
46.60
32.50
3.90
30.70
2.10
3.70
4.90
45.00
13.10
3.20
39.90
32.20
41.70
39.20
20.60
16.30
15.90
26.60
40.90
13.80
38.50
4.20
35.70
19.20
20.30
16.90
35.20
20.50
41.80
5.30
25.20
3.10
43.10
22.30
25.70
5.60
36.00
38.40
42.60
49.70
0.90
22.80
23.70
27.40
35.90
43.80
8.60
15.30
35.80
1.60
12.40
48.70
12.30
46.60
1.00
47.80
24.90
0.10
4.10
30.80
24.90
36.40
36.70
13.20
26.90
34.40
22.10
48.40
11.60
33.10
23.90
44.30
7.40
3.10
4.90
36.60
17.10
20.70
16.70
15.10
3.30
6.60
32.60
31.50
6.00
47.20
33.40
33.00
29.50
3.50
39.00
42.20
41.80
29.30
0.60
29.40
6.40
34.60
9.70
9.60
44.90
45.40
42.70
13.60
17.70
14.80
46.40
24.10
23.40
49.50
6.50
19.90
37.80
45.70
32.20
27.70
3.50
40.60
22.90
28.40
27.80
0.20
3.30
4.50
13.20
42.40
14.80
33.30
28.00
22.70
22.00
10.50
34.40
9.60
6.40
39.70
45.50
19.30
30.70
36.70
11.70
47.40
36.90
22.50
34.60
22.50
33.70
14.50
15.00
46.60
16.90
22.50
3.20
7.70
20.00
21.90
25.20
23.40
37.70
25.90
49.60
35.80
35.20
47.60
38.20
37.60
10.40
26.00
30.00
31.90
3.50
24.60
39.70
11.10
32.10
13.00
32.70
12.50
30.30
36.20
11.50
38.50
4.80
34.80
24.70
1.10
43.40
27.70
37.50
32.90
27.70
14.00
6.70
38.90
45.40
48.90
25.90
13.60
41.70
49.70
4.30
6.20
40.30
39.80
47.00
19.70
46.30
11.60
35.10
48.30
17.20
24.20
30.20
8.20
3.40
36.80
14.90
23.00
47.80
46.00
27.00
44.90
17.10
2.40
12.30
43.60
14.20
47.80
1.70
41.50
43.90
42.10
12.70
6.00
46.60
9.00
24.30
38.40
36.60
5.90
33.70
18.20
35.20
2.70
24.60
4.90
47.00
28.00
35.10
6.00
5.80
41.70
13.50
40.70
37.00
22.90
27.50
44.90
3.30
42.20
8.40
47.10
45.30
45.10
43.20
0.70
7.70
32.70
24.80
23.80
13.70
10.70
11.40
10.50
41.00
29.00
2.20
44.30
35.30
47.00
43.90
2.70
5.60
28.80
34.90
26.00
5.10
23.40
24.60
9.10
25.20
32.80
6.80
22.10
9.10
3.10
40.00
11.50
33.70
1.70
14.30
30.40
40.30
23.80
43.40
41.80
38.40
8.30
21.70
44.20
44.00
19.10
4.20
2.90
21.70
21.00
30.00
13.80
40.10
17.80
34.50
29.90
49.60
49.10
25.80
13.70
46.10
8.40
10.00
30.50
26.10
43.60
20.30
10.60
41.30
28.20
41.60
0.80
46.10
11.50
19.10
31.90
41.50
46.70
16.40
0.40
33.50
2.50
16.50
19.30
22.50
24.10
27.10
24.10
13.30
23.40
33.50
38.80
35.30
42.50
46.70
11.70
5.00
28.40
4.80
21.00
42.60
49.90
11.40
37.00
9.00
24.00
5.20
43.50
46.60
17.70
21.90
33.50
39.40
1.20
32.10
5.60
38.90
15.00
7.50
2.00
0.40
0.80
45.70
12.50
30.00
9.30
18.80
40.80
23.60
3.60
37.10
38.80
39.70
23.80
29.10
18.60
2.60
20.50
49.10
3.70
49.60
22.50
24.70
48.90
35.60
25.40
37.20
16.60
25.40
49.60
47.40
15.50
2.40
43.20
15.60
40.80
21.80
42.30
44.20
24.10
33.60
9.70
29.50
10.10
48.10
24.80
4.00
45.20
36.30
6.60
15.90
26.40
10.40
15.70
31.10
19.30
15.90
4.80
7.70
28.70
16.90
10.50
4.80
13.20
47.80
41.50
23.10
18.90
49.10
17.00
9.80
30.90
27.30
10.60
46.20
33.70
31.20
31.00
23.60
9.20
29.90
8.90
15.80
13.20
48.90
31.00
38.00
7.40
10.20
7.30
13.40
33.70
16.40
49.30
24.80
28.20
9.00
0.20
23.40
10.90
6.10
40.50
23.50
10.00
15.00
6.00
34.90
38.40
6.60
15.70
18.60
6.80
25.20
16.30
25.80
15.50
44.60
43.70
34.80
13.50
20.00
31.50
0.70
47.20
16.90
43.40
3.00
7.60
30.50
44.20
8.80
46.90
24.80
35.40
22.50
42.80
11.10
6.70
6.90
1.70
43.20
31.70
19.40
2.90
3.60
3.10
45.60
17.50
14.20
17.80
49.90
22.90
4.40
26.90
2.30
42.60
30.40
17.70
49.20
15.70
7.80
5.40
12.50
11.00
30.80
15.90
6.50
16.20
17.00
17.00
48.20
18.60
7.90
9.40
15.20
35.60
15.90
25.90
18.80
49.10
38.90
39.00
45.90
19.90
42.40
6.10
21.80
20.70
32.40
3.50
18.60
0.00
31.10
11.80
49.30
39.80
10.40
7.70
8.50
34.80
10.10
4.30
46.90
15.30
32.50
46.60
26.50
49.30
16.60
15.40
0.10
41.50
34.30
1.10
36.00
27.40
1.80
39.00
19.60
35.70
29.20
14.70
27.90
44.30
46.30
17.10
16.80
5.10
6.80
37.10
10.80
7.30
7.80
16.20
36.00
23.20
31.30
33.90
39.40
49.70
17.10
26.20
9.60
3.20
30.30
41.20
7.40
43.50
21.80
38.90
22.50
12.60
49.80
16.20
48.90
2.30
15.80
17.10
13.30
7.40
4.30
6.00
18.70
20.50
1.60
47.00
8.20
25.10
6.10
27.30
38.00
37.40
41.30
0.90
29.40
44.00
5.70
41.00
23.00
13.70
43.70
47.10
2.10
39.40
35.10
9.90
25.30
42.00
33.70
44.90
30.80
6.90
8.20
19.00
15.50
3.60
22.30
14.60
6.10
28.50
19.10
1.10
45.20
5.90
31.40
15.30
18.10
17.20
42.00
49.50
31.70
17.80
48.90
47.20
30.20
15.00
7.80
37.50
40.90
46.80
31.20
7.90
10.90
13.10
29.60
13.90
3.70
11.00
8.20
29.00
29.60
37.60
29.90
47.00
31.80
5.40
9.80
36.00
0.00
14.00
47.20
48.00
5.40
17.10
35.50
15.30
22.60
30.60
42.50
3.80
12.70
33.60
26.00
6.00
48.60
0.10
44.80
15.70
34.20
32.60
36.50
10.60
39.30
18.10
6.90
26.80
20.20
45.60
0.10
22.10
40.50
38.60
16.20
30.20
41.00
12.10
45.70
37.10
22.50
40.80
43.60
14.40
15.70
29.60
25.60
9.90
18.60
22.00
6.20
35.40
15.00
21.20
38.30
17.80
2.90
8.30
46.80
38.60
20.00
12.40
19.20
31.00
43.70
18.10
18.00
43.40
5.50
8.10
45.50
2.60
34.90
45.30
3.80
28.90
17.80
41.10
30.50
30.40
9.00
47.80
12.10
49.30
45.10
46.50
37.00
19.00
1.10
9.80
36.40
1.30
31.30
8.20
10.40
8.30
48.00
22.60
6.20
41.80
11.30
26.30
13.10
44.50
34.10
35.80
14.60
40.40
1.60
44.90
41.80
8.60
27.20
17.60
45.10
43.90
16.40
25.10
22.60
32.00
11.70
39.00
32.20
45.70
22.60
41.90
47.90
34.70
43.80
49.00
44.70
8.00
26.10
42.90
39.00
13.80
41.50
31.60
31.80
5.60
2.50
47.00
10.90
47.80
33.10
9.60
19.70
39.60
38.10
7.00
35.40
10.30
22.70
17.00
42.40
11.20
17.60
0.50
11.80
45.80
10.30
34.00
23.30
44.80
17.60
16.40
11.70
0.90
11.00
46.70
42.20
22.70
28.40
7.20
11.90
0.00
33.70
48.40
28.60
46.00
3.90
32.80
19.00
48.20
48.80
47.60
23.00
5.70
28.50
22.00
46.40
32.30
12.30
43.20
20.40
28.30
21.80
0.80
37.70
27.80
23.60
44.90
30.30
44.30
20.20
10.20
45.90
17.70
5.70
2.20
45.50
14.60
14.50
38.90
0.60
49.70
17.30
4.30
2.60
47.80
42.30
36.40
0.80
44.60
38.10
12.80
25.30
6.30
1.80
32.60
8.60
29.00
43.10
7.40
41.80
13.30
12.90
24.20
34.60
20.70
37.70
1.70
14.80
3.80
46.00
36.90
47.50
16.70
6.70
38.20
17.80
8.20
5.80
43.60
23.50
44.80
39.20
48.20
33.30
6.30
43.00
7.00
42.70
24.50
26.10
10.70
43.40
30.50
38.50
37.10
11.50
17.00
44.30
38.30
4.00
20.00
23.80
19.30
48.20
45.80
34.70
38.90
6.50
39.80
15.60
10.50
29.60
11.80
24.60
47.60
11.50
35.60
18.20
24.10
14.70
38.00
39.30
11.20
26.60
23.40
44.70
25.50
4.70
47.30
0.50
16.90
44.40
8.50
40.10
38.00
27.70
32.10
26.80
30.30
26.60
48.50
19.00
37.20
11.90
6.00
38.20
15.40
43.50
38.20
21.40
41.30
40.20
29.50
40.10
1.50
5.80
1.40
22.00
10.90
33.60
1.40
40.40
31.60
25.60
36.30
23.50
41.40
11.00
33.50
18.50
23.60
23.20
4.30
42.40
29.10
46.30
1.90
2.90
0.90
45.40
46.30
13.00
37.00
45.40
4.30
19.60
35.50
40.30
49.50
4.30
11.30
37.50
21.00
45.50
17.50
42.50
43.40
9.40
48.20
2.70
0.60
16.00
43.90
24.40
30.00
29.20
44.90
28.80
24.60
5.40
33.00
5.30
42.80
41.50
35.60
12.30
18.30
27.50
44.60
25.80
23.80
35.90
2.10
21.30
42.40
44.40
21.60
2.50
7.50
17.30
45.20
20.30
26.10
28.40
17.10
40.80
45.70
7.30
40.30
10.10
13.60
7.30
16.30
20.10
38.80
26.50
41.90
24.20
36.30
25.00
3.30
0.70
34.70
10.40
16.70
21.80
13.60
46.00
7.90
20.30
20.00
13.10
40.80
30.90
39.40
45.90
9.10
48.80
14.30
38.90
37.60
1.50
43.70
38.60
41.20
44.70
14.40
19.80
47.70
7.90
32.40
41.10
18.30
3.30
2.90
29.40
12.20
45.60
48.70
49.10
12.90
46.30
25.20
35.90
24.40
20.70
36.40
32.60
49.00
22.50
20.90
44.10
5.90
22.60
8.50
17.40
10.20
14.90
41.50
46.90
41.30
16.30
19.80
6.10
19.10
37.50
14.70
26.60
20.80
41.80
22.90
0.60
35.50
32.40
28.40
43.50
43.40
25.10
11.30
23.30
46.70
3.00
39.40
8.20
14.10
48.10
40.50
9.30
9.30
20.90
10.90
41.40
30.50
36.20
5.80
29.70
7.50
46.10
18.70
32.10
16.70
33.10
41.90
8.90
30.80
41.30
45.50
36.20
35.20
37.10
47.30
49.90
6.50
40.80
39.00
5.80
24.70
15.70
45.70
16.70
48.00
0.50
32.10
47.10
6.90
0.10
11.60
44.20
0.30
31.10
6.30
6.50
5.00
32.40
41.60
11.10
11.30
48.70
0.40
28.50
19.80
35.10
43.90
0.00
45.90
9.80
18.30
48.00
26.00
18.50
33.10
39.70
30.20
28.30
6.60
20.10
49.80
42.20
6.10
4.50
25.40
25.90
22.00
38.40
11.50
45.30
37.80
42.50
4.40
34.40
26.00
28.90
30.50
12.40
24.30
35.20
36.50
15.20
18.80
42.10
43.90
45.50
48.60
36.40
0.80
9.20
36.30
13.90
22.90
5.10
28.40
45.30
3.60
39.80
30.70
32.20
47.60
21.00
17.10
4.00
24.70
1.80
6.70
33.60
32.00
28.90
23.80
49.30
40.00
2.60
25.60
11.80
38.40
16.10
40.60
0.80
24.10
27.50
26.60
11.40
4.60
21.70
37.70
28.80
42.50
23.90
18.60
45.60
44.30
12.40
47.90
26.20
12.50
25.00
41.50
16.00
35.80
18.90
35.10
27.90
8.80
22.10
32.10
31.60
33.80
35.30
12.50
27.80
27.80
44.70
30.80
10.10
13.40
8.40
14.50
6.40
42.70
24.60
7.50
18.50
2.10
6.70
29.30
39.30
30.70
32.50
48.20
43.80
10.90
39.40
17.80
17.10
25.40
20.70
14.70
32.60
27.80
10.30
7.00
38.70
4.60
10.90
13.00
4.90
47.40
10.30
47.20
13.10
3.60
18.90
48.90
49.40
20.10
43.90
21.70
27.20
19.20
5.00
16.00
47.00
22.70
10.20
5.30
3.30
42.50
36.60
27.00
42.80
43.10
22.70
30.50
46.00
37.80
15.20
9.70
4.30
13.80
22.40
49.90
33.00
8.00
31.70
45.90
16.60
17.80
35.00
4.30
22.60
22.60
27.50
12.90
28.80
27.80
44.30
24.80
6.00
41.30
28.60
26.00
29.70
35.00
19.80
23.10
6.90
21.10
45.80
15.10
32.60
17.70
29.10
20.50
9.80
22.50
38.50
28.50
27.70
12.30
0.50
0.30
16.40
27.20
34.80
11.70
0.30
26.40
36.20
20.20
32.60
3.00
27.80
17.60
36.70
11.50
35.60
47.70
25.00
8.40
20.00
10.60
39.30
34.60
7.10
21.90
25.40
1.20
35.00
14.80
25.40
29.20
17.30
15.80
36.90
8.10
17.80
34.80
30.90
15.80
12.90
33.40
10.20
24.70
6.70
42.70
32.90
21.30
0.20
13.20
23.00
12.20
26.50
30.60
49.40
45.90
45.00
46.10
24.80
24.30
27.10
32.90
33.40
2.30
32.80
29.50
22.00
17.80
16.90
37.70
28.90
32.10
12.60
27.00
15.40
36.30
8.00
7.00
40.50
36.60
25.30
12.20
38.60
10.00
17.10
7.50
8.90
41.90
8.30
29.40
32.20
20.10
43.00
7.90
3.70
17.60
37.60
24.90
33.60
1.80
49.70
46.80
31.50
31.60
21.10
31.20
13.40
40.20
38.50
47.40
48.70
44.60
14.30
3.40
21.40
7.80
20.90
12.20
49.80
40.10
28.00
38.60
21.20
37.60
44.60
24.90
0.60
42.40
38.80
26.70
39.70
9.50
6.10
32.40
1.00
10.30
7.90
1.20
29.80
5.10
5.40
3.00
18.60
21.80
2.80
10.20
42.90
24.70
36.90
5.30
19.70
42.20
29.20
25.30
10.20
4.10
6.80
7.60
4.50
2.20
6.50
46.00
22.70
2.50
8.00
45.70
28.60
47.90
39.30
33.40
38.80
11.50
11.30
16.50
15.30
29.50
13.70
37.70
29.60
28.30
24.10
41.60
37.60
18.10
30.60
18.40
32.50
10.60
17.60
32.50
36.00
32.20
1.00
6.30
17.30
37.10
0.00
29.30
9.40
41.70
32.80
6.30
25.20
21.10
18.90
4.10
2.80
38.10
24.90
39.40
9.80
4.80
10.50
3.90
30.50
31.40
46.80
40.20
14.00
48.50
47.00
1.80
10.80
20.10
28.20
7.90
37.20
24.50
44.20
44.60
23.80
39.30
4.80
8.30
11.10
33.70
41.30
10.00
0.00
7.10
47.90
46.80
16.20
30.40
40.20
11.20
2.80
13.80
2.00
6.50
4.90
28.40
33.40
13.00
15.30
24.20
11.40
47.30
36.00
9.70
34.30
36.20
7.60
28.80
39.50
39.60
28.40
15.50
0.60
7.40
42.50
11.00
6.70
10.20
40.00
27.20
20.70
49.90
28.50
29.40
8.50
12.40
27.10
15.80
46.00
26.50
17.70
10.00
46.00
4.90
20.60
1.60
8.80
27.70
48.20
44.30
28.50
41.10
23.70
47.00
2.00
35.60
38.60
8.00
0.30
0.10
44.80
17.40
9.10
26.70
38.80
8.90
13.60
8.90
40.90
38.60
12.50
38.10
25.10
20.10
47.90
48.60
6.40
21.10
48.80
4.70
41.00
18.90
10.10
44.90
17.50
15.80
41.90
43.20
30.50
8.50
40.20
11.80
34.40
29.30
5.70
19.30
33.50
15.30
17.20
17.40
44.90
22.70
48.70
47.50
44.20
24.10
31.80
8.90
46.80
33.90
34.90
37.30
49.90
3.90
36.40
43.80
26.10
40.60
33.90
6.40
16.40
36.90
19.10
36.20
31.60
0.00
27.30
17.70
47.40
44.10
34.20
35.90
25.40
31.60
17.60
45.00
30.10
26.90
11.00
20.10
12.40
48.10
27.90
45.40
7.80
39.10
17.50
14.90
12.20
14.30
43.30
39.30
25.50
3.20
37.10
38.50
2.90
36.00
6.60
3.70
11.30
37.90
36.60
35.80
12.70
26.40
3.30
5.60
22.50
31.70
4.70
10.20
44.00
7.10
48.30
46.10
49.50
12.00
38.80
1.30
38.10
31.80
21.60
34.10
44.70
21.90
24.00
31.10
25.00
12.10
28.10
16.70
32.30
25.40
29.20
3.20
24.00
18.70
1.80
33.10
0.70
30.10
20.90
29.50
41.50
9.40
41.50
23.40
36.70
44.50
47.40
10.30
1.30
45.10
1.90
1.20
13.30
29.80
40.00
38.90
1.60
4.40
23.00
1.60
42.00
48.30
5.70
34.00
8.00
14.10
4.90
6.40
10.90
11.80
38.70
17.40
35.00
17.30
8.80
2.20
33.60
38.30
14.10
7.60
35.80
40.30
31.90
47.80
33.70
28.00
6.00
0.70
28.30
7.90
4.40
13.00
47.50
33.60
19.60
18.90
26.40
27.20
28.60
15.80
27.70
36.70
26.80
22.70
26.50
9.50
44.90
18.50
42.50
13.80
14.80
41.10
30.90
6.40
45.20
7.10
13.00
40.80
7.00
3.00
21.50
45.60
0.70
25.90
45.90
13.60
39.90
16.10
24.90
13.50
35.10
29.70
2.30
40.70
27.50
34.40
35.90
34.80
8.40
30.90
41.70
2.90
16.00
5.00
24.00
44.30
20.90
33.00
27.90
9.30
1.00
4.30
46.20
4.20
24.30
21.30
24.90
46.90
8.20
5.60
32.80
10.80
17.00
29.40
10.50
33.80
40.90
35.20
19.70
9.10
43.40
31.30
23.50
30.50
0.90
16.00
35.60
43.60
1.10
32.40
45.90
28.50
33.20
32.40
47.90
43.60
12.70
47.90
10.70
23.00
17.60
25.10
18.80
13.70
3.60
45.90
22.10
32.70
24.60
1.00
2.70
23.50
36.40
16.90
29.20
12.40
39.50
19.00
20.70
1.10
21.80
38.60
14.30
49.50
16.30
11.10
38.10
26.20
29.40
23.90
14.00
46.10
23.60
21.50
34.00
4.80
49.20
25.50
31.70
20.40
20.50
30.60
20.60
10.70
13.60
1.20
21.60
3.80
23.10
9.20
38.90
30.20
30.20
24.60
32.80
35.20
14.50
7.60
41.20
2.20
24.60
10.90
27.90
38.70
16.10
48.30
13.80
3.60
31.10
32.50
8.90
25.80
20.60
49.90
38.80
19.30
11.10
3.70
43.30
31.70
16.20
29.30
41.30
13.60
43.40
9.60
42.10
9.30
41.00
31.90
11.90
38.00
31.50
38.70
47.20
41.40
26.60
43.80
44.30
24.20
10.10
12.10
1.20
14.20
13.80
15.50
10.50
44.80
8.40
1.10
7.90
45.00
27.40
29.90
8.20
2.70
7.30
30.80
26.30
38.70
3.00
1.80
46.10
29.30
34.60
21.40
32.50
34.40
20.30
23.20
21.00
33.70
45.50
43.10
7.30
18.50
7.40
25.60
15.60
40.50
35.60
6.20
38.60
2.90
12.70
39.90
11.70
0.40
33.60
33.60
47.00
46.10
1.90
49.10
13.60
9.90
46.30
16.60
3.60
42.20
24.00
13.30
31.60
19.70
29.20
43.10
48.70
8.90
18.60
8.90
26.10
20.60
45.60
4.30
33.30
3.60
33.80
12.30
25.50
2.90
31.60
36.50
31.30
16.70
8.30
4.40
23.30
17.90
48.00
24.80
48.00
25.40
19.00
12.80
44.50
31.10
43.30
25.80
5.50
16.40
9.40
34.90
7.20
32.50
9.30
16.70
17.30
37.20
43.00
39.30
48.90
12.60
17.50
25.30
1.60
23.50
42.90
13.90
18.60
10.80
30.80
27.00
41.60
43.90
18.30
28.40
5.80
41.30
35.00
24.10
30.60
0.30
46.50
28.00
48.30
15.00
40.70
20.20
42.00
15.90
21.10
26.10
9.80
3.10
35.30
38.60
3.90
1.30
1.70
20.20
43.20
10.40
16.80
38.40
29.60
48.60
2.50
13.00
47.70
10.90
2.80
32.20
37.50
47.50
48.30
27.80
36.90
7.40
44.00
25.70
18.00
43.10
6.30
11.30
7.30
36.60
17.10
16.70
8.80
31.30
9.70
5.00
38.50
8.60
45.40
43.40
5.60
42.50
28.50
33.70
39.60
30.70
40.20
23.20
45.80
23.80
14.40
18.80
25.80
13.80
24.80
48.80
19.60
12.60
3.50
20.80
45.10
1.10
21.80
19.80
25.00
19.90
46.70
47.70
7.70
5.20
33.20
21.40
20.60
4.10
17.20
48.40
6.00
23.60
24.70
18.90
27.40
38.30
26.10
3.10
28.10
33.60
34.80
2.50
24.40
35.50
35.90
23.60
3.20
49.30
4.20
36.20
23.60
21.50
37.20
38.80
46.40
4.90
49.50
3.20
6.80
37.20
35.50
46.20
25.10
2.10
35.90
26.50
5.20
30.20
40.10
36.70
16.80
24.60
32.00
28.00
9.80
2.20
16.60
8.30
8.20
13.60
43.90
36.00
44.70
11.30
35.50
19.30
33.50
21.70
31.40
48.90
11.50
24.30
37.50
6.90
49.00
23.50
8.50
18.10
43.90
37.80
12.30
7.00
13.80
25.60
29.50
1.70
35.10
6.90
0.20
43.90
43.60
34.00
23.50
4.20
10.30
43.50
2.30
39.20
13.70
41.90
21.40
30.00
10.10
0.10
42.30
26.30
24.30
30.50
9.60
24.30
38.70
47.40
34.90
9.40
27.20
36.10
35.70
26.50
33.40
43.40
0.80
46.60
35.70
29.90
30.70
9.60
1.90
8.60
12.80
17.50
19.70
2.60
30.20
15.30
34.50
35.60
4.10
36.60
27.00
3.60
3.90
10.20
28.30
7.10
19.90
28.30
17.10
16.10
21.90
20.80
5.90
21.60
44.20
44.00
41.80
42.60
1.80
28.20
33.20
7.80
28.80
20.30
47.30
9.30
26.30
38.40
4.10
32.40
48.80
22.50
46.90
46.00
12.90
45.70
46.60
38.10
45.70
40.10
46.70
19.20
28.50
24.60
0.10
23.60
0.10
47.10
39.80
44.00
18.90
11.00
30.20
16.50
23.30
26.30
0.40
16.70
28.40
21.60
4.00
33.10
45.40
25.60
27.70
25.90
9.30
39.20
18.40
26.30
17.30
8.10
20.40
4.60
32.70
14.70
42.20
47.90
38.50
49.10
31.30
27.40
9.60
9.80
2.70
12.40
8.40
8.00
36.30
16.20
9.30
32.30
19.70
42.90
22.10
15.70
46.80
41.20
13.90
1.10
32.90
48.90
36.20
41.10
31.60
1.00
33.30
43.00
39.70
1.50
33.00
21.40
41.30
40.70
15.10
15.80
11.30
18.90
9.60
39.20
16.50
29.60
7.60
19.50
41.40
31.30
30.40
25.90
32.20
40.90
38.50
47.60
7.00
24.90
48.90
45.90
18.80
14.10
12.00
40.10
36.60
4.30
30.90
44.70
17.50
19.00
49.80
14.80
38.50
27.10
9.40
13.20
23.10
14.50
16.90
35.30
34.30
42.20
40.90
6.30
13.50
22.30
20.40
44.40
15.70
35.20
36.50
14.10
15.20
42.70
7.00
21.50
34.40
43.20
26.40
23.20
3.70
1.90
41.20
34.50
1.10
21.80
34.50
2.20
43.20
26.20
41.50
17.20
35.30
11.60
22.40
27.20
32.60
20.20
29.00
30.40
43.00
14.40
8.00
9.20
8.50
47.90
12.80
14.40
18.10
1.30
0.00
16.60
14.10
15.80
7.30
2.70
5.20
22.30
6.20
47.20
42.40
28.90
36.90
47.30
20.10
16.30
40.70
39.30
8.00
40.20
12.20
30.50
9.20
46.20
41.80
9.40
1.90
16.20
3.60
37.00
42.60
7.90
0.40
40.40
15.20
39.20
6.10
7.00
3.30
30.60
42.80
9.70
27.30
43.30
42.00
8.20
49.70
2.60
1.50
26.50
8.60
7.40
18.70
0.40
15.00
19.90
49.40
43.00
14.60
40.20
35.70
15.50
32.80
36.90
40.40
22.40
39.70
10.20
2.50
18.30
21.00
9.80
32.30
1.90
29.90
3.10
12.30
21.70
38.50
43.50
31.90
7.00
7.30
39.90
33.90
48.00
38.20
13.90
44.30
20.30
29.80
3.30
30.60
35.90
46.90
48.50
4.00
4.00
33.60
47.90
9.00
36.50
34.70
3.80
3.80
48.80
16.50
12.10
33.50
40.10
5.20
25.10
46.60
28.70
34.20
37.10
33.90
23.20
23.20
47.90
13.00
13.00
26.20
38.10
35.90
23.90
43.00
32.70
32.70
10.60
7.90
28.80
7.90
31.80
20.20
33.70
33.00
20.70
42.80
42.80
49.30
46.20
20.20
46.20
17.30
11.00
39.40
20.00
3.00
31.80
13.70
40.40
7.30
4.60
5.20
10.70
4.40
35.50
40.90
49.40
5.30
5.30
8.50
29.40
29.40
35.40
20.00
21.40
43.80
37.60
22.30
44.70
20.70
5.20
42.20
34.40
15.70
31.90
24.90
28.50
29.50
46.40
42.00
18.20
2.60
31.70
35.50
20.70
46.10
20.00
24.80
33.00
28.80
37.90
34.50
30.10
34.40
40.30
28.60
36.70
0.30
20.90
17.90
15.90
8.80
3.60
3.40
30.90
36.80
27.70
18.40
3.00
14.00
7.70
38.00
30.80
30.90
27.70
18.40
3.00
14.00
7.70
7.70
38.00
5.00
47.50
19.60
49.10
6.60
28.00
36.00
18.30
21.40
27.50
0.00
11.10
13.00
28.40
12.30
3.90
3.90
10.20
49.90
37.50
9.40
49.40
15.90
42.40
25.70
31.10
16.30
33.90
16.30
31.20
48.30
41.10
41.10
39.60
32.90
37.70
40.30
32.00
45.30
16.40
39.00
18.20
43.40
43.40
48.70
13.60
35.60
45.80
25.90
36.90
27.30
17.80
15.30
3.90
9.00
34.00
15.80
20.20
4.50
7.90
31.40
1.60
0.20
40.30
34.80
26.00
26.00
16.30
10.00
27.50
33.90
45.00
0.20
22.90
42.50
21.70
42.90
9.00
14.00
4.30
1.70
4.30
15.90
4.40
6.50
12.90
30.60
23.70
25.80
10.40
44.40
5.20
43.70
8.30
26.00
27.80
15.30
26.90
34.30
33.70
45.00
16.00
44.60
26.50
29.70
45.00
16.00
44.60
26.50
29.70
11.80
9.10
49.30
49.30
16.70
3.60
0.40
8.60
5.20
0.30
15.10
7.10
1.70
48.70
27.00
49.70
24.40
41.30
19.00
2.70
16.70
38.70
5.30
15.80
12.50
3.50
20.80
15.80
12.50
3.50
20.80
35.50
46.80
46.30
12.70
1.80
0.50
13.10
44.20
42.40
47.50
45.30
45.50
39.30
3.20
2.90
49.80
2.00
22.60
10.40
35.30
19.70
36.90
47.10
20.20
12.20
38.20
23.00
10.30
10.30
44.40
49.10
35.40
30.60
0.40
25.20
25.20
10.50
4.40
31.40
13.90
44.80
20.30
3.20
26.60
12.50
20.50
26.60
12.50
20.50
20.50
45.00
49.60
1.80
44.10
29.70
31.80
31.80
31.10
10.10
10.10
34.60
7.60
0.60
34.60
24.70
12.70
24.70
38.50
9.50
17.50
25.20
18.70
3.00
39.90
12.70
41.90
40.30
23.30
23.30
27.20
29.30
29.30
45.80
5.40
3.60
49.50
39.60
17.50
47.10
46.50
15.10
31.90
37.60
11.90
48.80
47.70
47.60
33.90
42.70
49.40
14.80
9.20
30.60
24.60
14.80
9.20
30.60
24.60
15.50
31.40
45.00
38.90
44.70
1.50
0.30
24.10
41.50
11.80
31.90
35.60
5.20
37.80
27.50
39.50
0.60
25.20
16.60
15.20
1.30
42.70
7.10
47.00
16.30
32.90
34.00
9.80
4.50
49.30
1.60
1.60
16.70
24.90
4.20
16.60
49.60
29.50
31.50
15.60
28.90
49.80
29.10
19.20
40.90
11.70
3.40
40.70
44.10
37.70
24.60
24.60
5.90
26.50
27.50
15.70
15.70
11.50
37.40
25.70
25.20
35.50
10.30
38.00
1.80
13.20
7.80
46.80
26.30
19.60
25.70
39.90
43.60
8.00
13.40
12.00
47.40
0.10
0.10
7.30
39.90
38.00
44.90
12.50
43.80
7.50
30.00
39.00
41.40
15.10
40.50
33.20
37.90
13.40
6.80
14.80
44.50
17.00
40.20
27.00
32.50
47.00
24.80
47.00
40.00
10.70
38.70
5.50
41.20
16.60
2.90
21.60
12.10
41.10
41.10
49.70
7.00
7.00
28.70
27.80
37.10
12.60
41.50
26.50
42.70
2.30
3.80
38.10
41.20
13.40
43.80
25.70
46.60
37.90
37.90
43.80
45.70
11.20
28.60
28.60
3.00
7.50
21.00
20.50
33.00
0.40
1.10
9.40
9.40
34.80
15.60
48.60
36.40
41.40
12.10
34.90
40.70
38.80
15.90
15.90
33.80
23.30
0.50
16.30
28.30
38.20
19.90
34.30
14.40
43.40
40.80
43.90
40.80
0.20
6.60
8.00
32.30
0.60
6.40
20.70
17.30
20.10
25.60
29.30
43.30
27.30
23.40
0.00
15.60
44.90
29.80
25.90
25.90
16.00
9.80
40.20
0.20
26.20
13.90
39.30
43.20
0.30
44.10
13.00
41.70
44.50
44.50
13.60
21.30
36.90
38.30
3.60
21.90
40.50
26.30
42.20
0.00
32.40
8.10
7.20
17.30
35.40
47.90
2.50
48.30
31.30
14.60
28.80
43.90
17.50
15.20
18.20
6.60
10.90
31.20
7.40
42.30
31.10
19.30
11.50
44.50
1.80
20.30
11.70
5.60
48.60
28.90
28.90
34.60
2.00
30.10
7.10
35.50
13.60
10.70
35.50
28.70
46.70
46.50
9.10
31.70
17.10
13.40
36.30
10.60
28.90
12.90
23.70
24.80
21.30
49.10
35.30
16.90
41.70
26.80
15.00
29.00
17.20
49.70
15.70
40.10
26.40
9.90
5.90
12.10
43.70
45.90
13.40
23.40
19.40
21.00
15.50
49.20
30.70
30.30
33.50
32.60
11.30
14.10
19.60
18.50
18.30
2.10
9.60
13.10
49.70
0.90
32.50
11.90
11.90
31.80
46.40
33.90
7.70
31.50
17.30
4.80
7.50
9.70
27.80
37.30
41.30
32.80
30.60
30.60
17.60
38.20
5.80
13.00
24.70
47.80
1.80
34.20
7.50
11.20
7.20
49.50
7.50
17.40
29.30
27.40
44.50
1.40
22.20
2.50
7.70
44.50
16.10
6.30
8.30
4.10
25.10
25.10
25.60
49.10
33.60
10.80
15.80
6.50
32.30
4.40
18.60
27.80
27.80
23.50
4.80
48.50
36.90
22.20
32.60
3.80
1.10
47.90
28.80
20.70
9.40
35.30
43.60
41.20
40.20
0.60
3.70
38.10
5.90
6.90
1.90
4.50
37.50
19.10
6.80
49.20
32.00
12.70
38.00
7.50
5.70
40.70
35.50
1.60
0.70
1.00
31.20
25.50
28.20
34.00
17.30
4.10
34.10
42.50
30.60
48.50
34.10
42.50
30.60
48.50
30.60
28.20
31.90
28.20
31.90
23.20
20.40
1.30
36.80
47.80
13.30
13.30
39.00
41.10
43.60
36.10
15.70
5.50
38.40
4.10
25.10
36.20
38.20
1.30
43.40
29.30
14.00
24.80
29.30
38.10
34.70
46.70
45.20
29.30
1.30
49.00
49.50
4.20
38.10
46.50
35.50
3.60
19.60
42.70
4.30
2.70
13.90
32.70
28.00
29.50
22.40
22.10
26.30
12.90
18.90
33.50
12.90
38.60
47.80
4.40
45.00
17.30
40.10
40.10
30.50
45.10
30.50
32.80
2.80
10.10
3.00
26.10
45.70
14.50
29.00
14.30
38.10
18.20
38.80
37.90
44.00
15.90
39.20
3.10
26.30
40.40
6.10
46.80
34.90
45.70
32.00
37.30
2.90
33.20
41.20
27.40
0.40
38.10
12.60
13.90
7.10
13.60
32.60
27.60
1.90
2.40
10.50
35.30
15.30
48.10
10.40
19.10
8.70
25.20
28.40
32.70
31.70
27.70
46.40
46.40
43.90
38.50
45.30
8.40
31.30
44.70
40.90
5.70
9.50
31.80
43.50
24.20
36.80
36.80
12.10
21.00
48.70
11.10
19.60
48.50
16.10
9.90
31.60
16.50
8.90
49.30
16.50
5.90
36.40
29.50
17.50
26.00
14.10
4.50
39.30
11.50
4.90
29.10
37.00
5.50
2.10
13.20
45.40
20.70
15.00
18.30
10.30
30.20
34.20
29.90
23.30
23.80
25.10
37.90
22.20
19.90
48.00
23.60
28.50
15.40
19.50
41.80
39.70
31.60
4.20
35.70
42.20
28.60
47.20
37.90
19.90
46.30
12.90
6.90
26.60
12.90
32.50
34.70
41.20
42.20
9.90
4.80
21.00
4.80
44.20
19.10
16.70
32.00
23.50
16.70
32.00
23.50
48.80
9.40
8.10
18.50
18.50
15.80
1.20
43.10
43.10
22.60
32.50
22.60
32.50
47.60
35.40
49.80
49.30
16.30
4.80
27.80
42.20
23.30
8.50
12.50
36.60
7.60
22.40
30.80
30.80
37.60
24.40
32.50
11.40
9.00
39.00
43.40
25.50
4.40
46.40
34.20
46.60
46.60
44.20
23.40
44.20
23.40
13.40
30.50
16.20
10.40
10.40
20.00
4.00
23.70
0.20
19.70
19.70
35.20
21.30
45.00
19.30
45.70
48.70
39.10
48.40
21.80
43.70
27.50
34.50
16.70
9.80
47.80
48.10
39.00
29.70
20.20
41.10
38.40
48.10
39.00
29.70
20.20
41.10
38.40
46.90
39.70
29.90
46.00
35.10
0.60
18.80
12.80
36.90
21.40
36.20
8.80
1.50
26.70
26.70
4.70
11.80
25.50
25.70
45.50
1.30
12.60
45.00
30.60
33.40
0.10
3.80
40.00
21.90
34.40
30.20
27.10
4.50
15.50
41.80
44.50
4.50
20.30
14.80
45.60
41.00
1.90
46.10
37.70
16.30
39.60
19.60
39.60
19.60
5.60
36.60
19.20
28.50
19.20
28.50
21.80
11.80
37.20
11.80
37.20
18.90
18.90
1.60
27.80
33.10
34.10
7.70
48.80
21.20
12.60
46.60
38.30
36.60
22.00
4.00
14.50
39.20
20.30
0.40
5.10
16.90
8.00
10.10
47.50
35.40
35.40
47.40
35.30
8.20
27.80
3.20
22.10
22.10
23.10
8.60
39.90
40.10
25.80
41.50
23.80
25.80
6.30
28.10
3.80
43.60
36.10
10.20
42.60
19.90
31.90
35.20
31.90
37.70
43.60
10.20
36.20
27.40
4.70
39.90
7.00
33.10
19.80
7.10
3.00
31.60
28.10
18.60
42.30
42.30
45.90
41.40
39.90
7.90
3.50
24.50
22.40
39.00
27.70
14.60
49.30
43.20
37.40
40.40
30.00
15.20
44.00
20.60
11.50
0.90
26.50
4.80
22.90
6.00
31.90
29.60
5.30
8.10
21.70
48.40
29.10
39.60
7.00
21.10
42.80
36.00
33.90
1.80
47.80
33.90
1.80
47.80
35.00
1.60
42.90
40.40
38.50
38.50
27.20
43.20
43.20
16.20
8.50
49.40
26.40
44.40
3.70
33.30
44.80
43.80
32.60
28.90
13.30
47.00
5.80
16.00
29.90
18.20
18.10
34.40
42.00
7.70
16.60
25.00
6.50
6.40
15.60
6.40
15.60
21.00
32.20
2.70
17.30
34.00
23.10
16.60
45.90
4.10
6.10
29.40
22.00
26.50
32.20
18.80
30.30
4.50
10.30
23.40
23.40
47.60
4.90
16.50
45.80
34.30
16.50
49.30
22.50
29.60
37.30
11.10
11.10
38.40
37.20
4.30
20.80
4.30
20.80
30.70
24.00
11.30
35.30
20.70
27.40
5.20
31.20
23.50
4.10
16.40
36.60
31.20
23.50
4.10
16.40
36.60
37.00
31.30
33.20
41.50
46.40
14.80
8.90
41.60
46.30
46.30
32.70
3.70
3.70
24.80
5.00
49.20
40.10
48.00
41.40
0.80
19.00
35.70
43.40
34.20
31.10
46.40
47.10
27.80
3.60
4.10
38.10
14.60
22.40
28.00
48.60
9.00
4.00
21.70
2.10
16.60
35.40
24.30
7.60
35.80
31.70
35.80
31.70
28.30
17.00
30.60
9.20
12.50
22.00
22.00
49.40
27.30
27.30
0.10
30.50
36.00
36.00
17.80
24.70
39.40
40.30
35.50
24.20
26.00
7.00
47.90
47.90
47.00
9.30
12.40
47.60
5.20
11.60
17.70
49.40
45.80
49.40
2.60
49.10
36.70
35.50
33.40
12.50
27.00
10.90
15.00
13.20
10.90
32.00
39.60
30.80
34.60
41.50
16.80
41.50
16.80
44.70
47.70
26.80
18.70
3.10
18.90
19.30
33.10
27.40
17.30
4.00
21.10
3.10
18.90
19.30
33.10
27.40
17.30
0.20
40.00
20.50
15.50
15.50
35.40
2.00
23.10
23.80
7.30
23.10
23.80
7.30
3.30
1.00
11.30
11.20
1.00
11.30
11.20
29.40
47.60
47.60
17.10
39.50
32.90
1.50
1.10
28.00
9.70
17.00
33.70
41.20
22.30
28.90
22.30
28.90
27.40
48.50
5.80
34.30
43.30
12.60
46.60
37.20
46.60
9.90
3.60
10.50
20.60
32.20
23.00
32.60
0.80
7.10
38.80
10.90
5.50
32.40
37.70
25.60
23.20
0.60
0.60
28.60
16.20
42.80
9.80
25.00
34.80
4.80
13.50
27.00
14.30
39.40
26.70
38.30
42.20
45.90
42.20
16.80
4.00
19.90
2.10
17.00
25.40
39.50
42.90
5.60
30.20
43.00
5.60
30.20
43.00
33.80
29.90
45.90
36.30
13.50
36.30
13.50
36.50
5.20
48.60
30.00
25.70
49.00
49.00
4.70
24.80
44.20
34.10
26.10
4.00
37.20
1.40
40.30
15.40
36.40
23.00
26.10
4.00
37.20
45.10
6.40
35.80
47.70
13.40
38.00
23.00
3.00
3.00
14.80
49.30
7.30
0.30
13.90
0.30
13.90
39.80
10.50
21.90
22.50
8.70
13.20
40.90
21.40
1.70
11.30
2.50
5.70
42.60
2.50
38.10
44.30
28.90
12.40
0.30
8.70
10.80
43.50
6.20
19.50
43.60
2.90
38.90
11.40
27.60
30.50
42.40
29.90
43.00
13.60
10.90
17.00
13.70
47.20
30.70
7.80
26.00
4.50
45.50
28.20
12.00
24.10
42.50
31.50
1.20
0.00
26.10
11.70
33.60
45.90
38.00
27.10
42.50
31.50
1.20
0.00
26.10
11.70
37.50
0.00
26.10
11.70
37.50
11.70
32.40
4.00
4.00
33.80
13.20
13.20
36.60
41.60
22.70
36.60
3.60
45.70
22.70
36.60
3.60
45.70
0.70
47.70
18.50
45.70
0.70
47.70
18.50
38.10
6.60
16.90
31.00
40.70
4.20
45.00
9.90
41.90
23.80
9.30
20.90
7.80
39.10
38.40
7.80
45.70
22.50
18.10
47.10
47.10
36.40
10.10
29.80
22.60
20.20
23.90
22.40
10.10
29.70
18.40
27.70
38.50
4.90
35.60
33.80
38.70
29.40
13.20
13.20
46.50
27.00
23.10
16.20
38.30
38.30
4.70
13.30
31.80
34.90
17.70
14.30
13.00
28.50
28.20
37.40
28.40
39.30
10.80
3.70
4.30
38.50
10.80
4.30
38.50
43.40
33.10
21.30
48.20
35.60
48.20
14.40
33.30
31.60
2.70
5.10
2.60
5.10
3.70
8.30
40.70
8.30
42.60
47.80
0.20
19.20
46.00
25.60
22.30
13.30
29.60
45.80
10.80
37.50
47.80
1.00
0.80
37.20
22.30
6.10
34.60
11.70
34.50
30.60
7.40
31.70
7.40
24.90
2.60
20.80
45.20
15.50
32.80
25.70
49.90
12.10
6.70
15.30
26.40
10.20
15.80
21.30
22.60
38.20
6.20
22.40
30.10
24.30
36.30
49.50
40.20
30.40
40.20
30.40
47.50
11.50
48.10
40.70
40.70
49.50
1.80
33.40
9.10
44.90
45.50
24.20
25.50
26.80
42.50
42.50
48.50
12.00
16.70
12.70
47.60
4.80
44.10
44.80
42.70
16.40
1.30
24.00
25.70
17.10
15.60
20.20
29.10
11.70
40.60
27.30
13.40
23.10
34.70
7.50
37.60
30.00
7.50
37.60
23.00
33.50
40.20
37.90
15.30
7.30
32.20
15.30
7.30
32.20
48.60
19.20
4.70
5.30
49.00
45.30
45.60
17.30
45.30
45.60
17.30
22.80
27.90
27.90
39.90
0.20
13.70
34.80
34.80
1.80
48.40
36.00
36.00
43.70
46.20
39.00
41.70
26.10
1.80
6.60
23.80
38.40
32.70
12.10
38.60
39.00
29.60
37.20
2.90
5.50
27.40
17.90
20.90
18.50
43.30
46.80
7.40
1.40
9.60
49.20
30.60
40.70
6.30
45.20
41.10
29.70
29.70
18.20
6.50
6.50
36.20
21.80
1.90
38.90
44.70
38.90
44.70
6.30
9.40
4.70
26.50
38.10
38.10
18.10
17.50
17.50
22.90
5.90
36.00
49.30
6.70
33.70
40.60
10.60
8.70
23.60
41.20
18.70
20.90
24.80
18.70
10.60
49.70
49.70
47.30
27.70
5.00
30.50
44.70
32.60
17.10
44.00
24.70
8.30
11.90
29.70
5.80
35.50
3.20
25.30
25.10
38.60
18.40
10.30
39.50
10.40
18.50
28.20
28.20
28.50
27.90
2.20
36.40
44.90
1.30
0.10
24.40
34.10
32.70
19.40
37.40
18.90
19.00
43.70
36.70
10.30
25.00
8.10
43.10
18.30
39.00
6.30
13.60
7.80
12.10
46.10
34.40
38.00
39.60
33.30
18.60
43.80
21.70
45.50
31.00
40.80
27.40
27.40
6.70
43.90
41.40
6.20
6.20
34.70
19.30
41.40
35.10
12.00
22.30
38.10
30.60
30.70
44.30
18.60
48.90
6.00
21.80
45.40
29.20
11.20
6.60
10.40
8.20
42.50
39.10
8.90
22.20
36.80
3.00
18.60
28.20
44.60
30.20
40.00
27.80
2.70
37.60
37.60
46.20
25.20
0.60
46.60
26.30
10.40
8.40
47.60
16.50
14.10
13.20
32.40
42.40
21.90
3.40
16.20
45.40
16.30
11.90
35.90
2.30
39.80
28.40
26.90
44.00
32.20
0.70
32.00
22.40
40.60
42.30
36.60
27.00
42.30
45.20
35.50
21.40
21.90
12.40
18.40
5.10
4.90
4.90
13.30
17.10
35.60
7.00
47.40
39.20
15.60
48.70
4.50
4.90
34.60
22.20
40.60
0.00
33.80
41.90
33.80
41.70
42.20
4.90
41.60
39.40
21.60
20.80
29.70
20.80
10.10
19.50
15.70
12.30
10.20
41.10
22.20
33.10
30.10
27.80
38.30
43.20
19.30
28.30
7.90
0.80
31.10
9.30
31.90
21.00
6.50
37.10
0.40
5.20
41.80
10.00
20.10
28.10
24.70
16.80
4.60
37.00
49.80
44.90
44.90
16.20
28.40
38.80
18.70
23.10
31.70
10.10
45.20
5.10
12.90
24.60
29.80
27.40
29.00
21.40
18.50
19.60
10.00
12.90
40.10
46.60
19.70
22.30
40.20
13.30
22.60
25.40
25.40
19.20
11.40
14.10
2.80
24.40
46.50
46.50
46.90
14.30
14.30
41.20
38.70
23.60
33.60
32.20
46.40
44.70
36.50
41.50
47.50
43.20
36.30
46.20
37.70
35.20
45.30
45.30
12.00
15.90
23.00
12.00
45.10
37.60
46.90
23.80
17.80
45.80
29.70
29.70
44.10
6.70
1.40
16.30
16.30
16.10
32.90
32.90
33.80
48.20
39.60
15.80
34.50
9.20
31.30
48.90
48.90
43.60
46.90
42.90
3.10
23.50
5.70
5.30
27.70
32.70
11.40
21.20
26.90
7.30
2.00
32.90
4.30
16.40
20.80
30.60
47.10
33.10
33.10
37.40
35.40
12.80
25.80
43.30
7.20
40.20
19.50
12.00
12.10
7.50
46.00
38.80
36.90
43.00
15.30
41.10
0.90
6.00
47.80
11.60
11.90
21.60
26.50
37.50
37.50
19.40
30.40
18.30
18.30
2.30
27.90
27.90
33.90
36.50
48.40
34.10
8.70
12.60
23.50
26.80
45.50
44.40
11.30
9.00
8.50
40.60
12.40
3.00
6.50
6.10
25.40
23.90
15.90
10.30
49.10
17.80
45.70
36.10
36.10
26.70
35.30
22.10
1.60
40.30
45.30
5.10
5.10
5.40
2.30
47.00
16.50
0.40
21.70
30.10
33.40
26.00
35.80
43.90
4.10
1.90
1.90
6.00
15.10
36.70
29.40
38.50
8.90
21.30
25.70
49.50
36.10
15.90
13.40
46.40
22.30
2.50
45.00
2.80
9.90
7.90
49.90
13.50
36.90
26.50
8.20
37.30
37.30
16.70
17.70
11.40
46.50
46.50
13.20
35.70
25.40
12.30
11.60
8.00
25.00
19.50
28.40
11.80
11.40
39.30
33.70
49.90
36.70
0.30
9.20
22.80
39.80
11.60
19.90
23.70
5.50
32.70
10.40
40.60
31.30
12.60
22.00
35.80
7.90
28.30
2.10
16.50
23.30
43.20
28.50
35.10
11.70
3.00
42.80
47.50
35.20
36.10
3.60
34.70
42.30
21.30
43.40
46.20
26.30
7.10
49.90
12.50
26.40
31.40
15.00
38.80
8.10
0.40
48.10
9.50
42.40
35.80
21.90
35.60
35.60
18.80
4.90
29.00
27.00
6.50
3.30
23.10
34.90
20.80
27.60
6.40
39.50
27.70
41.90
41.90
1.10
25.60
19.00
30.10
40.10
40.10
24.40
20.40
21.50
17.50
13.40
9.20
15.10
39.70
31.80
48.30
16.90
6.90
22.90
12.30
0.10
12.30
22.40
20.20
47.80
9.80
10.00
9.80
36.30
5.80
42.10
49.20
6.60
2.30
2.50
8.80
8.80
19.20
49.00
29.00
32.30
7.80
34.70
34.70
44.00
46.30
46.30
33.20
42.90
21.80
38.90
22.30
31.40
44.30
44.30
5.10
12.20
43.40
3.50
13.20
20.90
34.60
34.60
14.90
45.20
47.30
42.10
45.20
33.40
16.00
18.70
28.60
11.80
21.20
14.90
47.80
41.40
47.60
24.60
44.70
38.00
44.70
11.40
14.50
37.30
11.80
14.60
25.30
22.80
40.90
49.00
26.70
9.00
44.60
18.30
35.70
49.60
49.60
14.30
29.60
1.40
12.70
26.30
38.50
41.60
49.90
41.90
38.30
43.60
37.20
1.80
0.70
30.40
26.50
10.10
42.20
38.10
49.00
1.30
5.20
6.60
33.50
41.20
48.00
43.70
14.50
13.60
28.30
19.30
47.40
25.80
0.20
45.70
1.90
6.90
49.80
47.00
0.10
0.10
22.50
40.10
44.30
21.00
18.70
21.90
49.50
7.20
5.60
34.50
5.40
16.70
27.80
10.50
46.10
0.30
5.10
49.90
20.50
7.40
19.30
33.80
7.90
9.40
9.10
12.60
43.60
4.70
27.70
6.10
25.60
12.00
18.30
38.00
25.50
33.40
49.00
0.90
43.10
22.80
32.90
18.60
39.90
45.20
48.20
27.70
33.10
34.00
49.50
37.00
15.20
4.00
7.30
19.30
21.30
45.20
8.80
2.90
22.90
28.80
8.50
9.30
9.30
22.00
31.30
18.60
18.60
30.30
9.40
26.50
10.30
26.50
24.90
38.10
46.50
27.60
13.60
13.60
33.20
25.40
6.40
16.20
24.80
21.70
16.20
14.40
48.40
21.70
17.70
18.80
17.70
9.20
14.90
9.20
14.90
5.30
10.40
34.90
22.10
25.20
13.60
11.30
38.70
24.10
5.60
42.50
31.80
32.60
24.30
13.00
15.70
11.30
36.20
36.20
9.30
16.20
3.90
30.70
41.10
49.70
10.90
7.10
34.70
10.60
12.70
8.00
49.50
8.70
22.20
28.10
12.40
32.10
30.40
13.00
13.00
24.00
30.90
31.50
48.10
5.60
48.90
37.80
16.80
2.60
48.90
46.00
33.20
26.20
33.20
27.20
23.70
42.50
44.30
12.00
12.00
27.60
48.80
44.00
13.60
40.20
13.40
49.90
27.20
47.20
14.30
6.50
29.40
37.70
39.20
11.90
27.90
32.30
33.10
40.70
35.70
46.10
41.00
25.40
21.40
14.50
25.40
7.70
33.50
27.10
3.80
1.90
9.60
15.80
18.20
9.90
29.30
29.70
7.20
23.20
49.70
18.60
37.60
8.50
37.00
5.60
17.50
17.50
37.60
16.30
25.70
2.40
0.50
49.20
13.00
32.60
14.70
5.30
22.10
40.60
38.70
39.10
9.90
31.00
30.30
1.20
22.40
22.20
30.10
24.70
11.00
48.80
40.70
31.70
6.20
35.30
13.30
23.90
28.60
28.60
31.20
34.80
4.00
33.00
33.00
15.30
15.30
0.30
18.60
33.60
43.80
6.90
36.20
13.40
47.00
18.90
26.90
26.90
21.50
26.80
26.80
28.90
17.80
32.00
8.50
48.10
24.60
6.80
33.20
31.60
14.20
7.20
24.70
17.10
30.70
30.70
34.30
26.30
19.10
42.70
13.70
13.70
37.50
43.80
13.50
33.70
33.70
5.30
35.30
12.10
1.60
48.80
37.00
49.70
9.80
3.90
35.60
43.70
25.10
44.30
1.20
8.80
44.60
34.60
17.10
33.10
3.70
45.50
12.00
15.30
15.30
39.10
33.80
46.50
14.00
1.40
43.80
43.70
17.30
16.60
47.50
26.00
5.50
16.60
19.90
6.20
28.20
11.70
27.60
16.20
17.70
0.30
22.70
22.70
37.80
26.40
37.10
38.00
24.10
8.40
44.50
44.50
31.60
44.60
46.10
15.10
44.90
49.60
17.80
31.10
47.60
42.80
42.20
22.40
36.10
42.50
15.90
37.30
6.30
7.20
9.20
32.70
32.70
27.00
0.40
45.90
9.20
46.70
34.40
25.80
0.40
0.40
42.80
2.00
14.30
48.00
2.90
20.00
20.00
46.00
0.60
18.40
5.40
7.60
48.90
37.40
45.90
43.60
36.60
12.40
25.90
17.70
9.70
19.70
29.40
4.30
33.20
8.60
47.00
19.70
1.40
16.90
44.10
33.30
3.50
31.70
30.10
25.70
18.30
32.50
43.10
9.50
3.40
9.20
21.40
25.00
17.80
12.30
35.60
32.30
24.70
43.40
4.60
4.60
20.00
46.00
15.60
36.60
10.30
4.00
4.00
8.20
5.70
24.80
30.20
24.80
0.10
15.80
21.40
7.60
32.60
9.40
24.00
43.40
4.60
6.00
12.00
3.80
30.40
8.70
32.20
3.00
4.90
33.10
39.60
43.10
33.20
26.70
7.00
31.70
41.70
15.40
24.00
16.20
20.10
15.30
20.30
35.80
20.60
20.30
35.80
20.60
33.10
20.90
11.90
11.90
7.30
33.70
35.20
33.90
44.90
30.00
28.00
49.60
10.80
2.00
26.80
6.50
37.20
43.90
33.90
42.00
35.70
1.30
5.30
17.00
26.30
27.90
43.20
32.50
26.50
11.10
11.00
47.90
30.50
36.20
32.10
23.90
6.10
6.10
1.40
29.10
10.60
24.20
19.70
43.70
31.20
14.40
38.20
26.60
39.90
9.10
49.40
19.30
32.50
12.00
10.50
45.30
45.30
29.30
14.00
11.70
13.30
7.90
40.20
31.90
8.90
1.10
41.30
6.10
28.80
3.40
9.60
38.50
38.40
25.50
23.20
41.00
16.60
35.60
38.90
37.20
42.30
44.90
30.50
24.60
23.80
23.80
15.00
6.20
6.20
38.90
12.20
2.40
20.90
0.00
17.80
8.20
11.80
32.40
32.40
13.40
38.90
38.90
2.20
47.70
45.90
7.30
21.80
9.00
36.10
18.20
9.60
0.20
41.70
8.50
8.50
27.70
1.40
27.70
5.40
3.50
20.40
11.80
29.50
5.10
47.90
17.10
32.20
13.50
18.40
13.20
13.20
45.40
44.90
39.80
0.30
38.30
27.10
27.10
5.00
1.10
34.80
4.30
37.20
43.50
47.90
0.80
43.00
2.70
28.70
31.50
35.30
6.30
21.80
13.20
27.80
6.50
36.20
5.00
30.40
9.30
11.20
5.80
35.30
20.00
17.80
24.70
25.90
48.70
45.30
35.40
39.00
38.90
19.70
31.30
14.80
16.90
3.40
7.00
5.60
15.70
41.30
45.50
20.60
32.70
49.80
49.30
25.90
39.70
6.90
6.90
9.60
39.80
22.10
30.70
11.30
22.30
7.40
8.40
22.10
16.00
16.00
26.30
20.40
36.00
8.80
31.50
17.60
30.50
34.40
48.40
28.80
28.80
5.10
26.90
16.80
8.60
34.90
0.80
0.50
2.30
39.90
33.80
29.60
48.30
32.00
27.50
3.50
43.30
1.00
4.30
16.10
16.10
30.40
0.80
0.80
6.80
19.70
10.80
25.50
3.40
29.90
47.30
48.90
36.10
47.90
46.50
46.80
2.90
36.00
8.20
16.30
24.10
34.10
17.90
48.90
19.40
34.10
48.90
19.40
43.90
7.40
9.40
20.70
44.30
9.40
20.70
4.80
28.80
49.80
9.50
36.00
24.00
18.00
26.70
17.20
0.00
15.50
44.20
17.50
44.20
19.20
3.90
4.10
24.30
9.10
44.10
22.70
8.00
46.40
27.10
9.40
9.40
34.50
13.10
6.20
39.60
6.20
39.60
38.90
9.20
45.80
22.10
27.70
0.50
0.50
27.10
21.60
30.70
30.50
32.70
32.70
15.90
47.30
47.30
17.70
19.00
40.90
6.70
49.40
14.50
35.60
25.30
48.20
20.20
37.90
0.70
27.90
12.30
18.20
47.20
34.60
24.00
5.60
46.30
16.80
44.80
4.10
38.00
17.10
2.20
2.20
28.50
45.40
21.20
31.90
41.50
22.40
14.40
35.90
47.30