Curitiba - Temperaturas:
2.40
44.60
0.40
13.80
29.10
19.80
42.20
0.30
49.10
42.00
38.90
9.30
31.10
4.50
4.30
36.50
4.40
29.50
37.00
7.80
38.90
20.90
27.30
13.20
5.80
36.00
30.60
15.00
27.60
6.20
43.20
25.20
0.40
47.20
27.10
13.50
27.20
33.60
12.30
39.10
21.60
35.40
7.70
10.20
0.50
21.80
48.20
31.80
45.10
41.80
7.10
28.70
42.60
2.40
12.50
3.10
26.90
23.20
19.20
10.60
27.50
39.10
1.80
28.20
4.50
27.20
3.10
25.30
32.40
44.00
7.20
16.70
28.70
31.60
17.70
25.70
47.10
12.80
0.00
0.00
8.20
6.90
18.40
23.40
28.70
33.30
18.70
19.70
30.30
26.20
4.60
29.90
20.80
41.40
45.10
49.50
39.50
48.60
20.80
21.90
14.00
37.60
10.80
29.70
44.10
37.70
35.80
4.70
42.90
2.60
47.70
40.80
42.70
1.80
48.70
15.60
13.90
33.60
24.90
6.90
28.90
20.70
44.40
41.20
4.70
36.40
38.80
7.90
38.00
10.10
36.30
14.80
29.60
15.70
20.70
12.90
0.90
9.20
10.10
6.90
8.40
12.30
32.50
33.40
27.10
31.80
30.30
47.70
19.40
38.60
4.50
10.10
8.00
41.40
17.20
38.30
17.60
25.20
20.10
9.30
43.10
37.30
15.50
35.10
45.80
23.40
1.40
41.10
3.70
17.80
15.40
33.70
28.90
40.20
39.50
38.90
0.90
25.00
41.40
47.40
30.00
15.50
34.50
46.80
37.20
45.80
3.70
2.50
45.30
32.70
23.90
1.50
14.20
14.30
28.20
34.60
35.30
29.00
12.60
32.10
11.20
23.60
34.50
0.60
16.20
18.30
19.30
3.30
36.40
25.40
42.80
39.70
48.00
16.50
46.10
16.10
34.10
8.00
4.50
8.00
30.50
25.60
41.90
22.10
21.90
5.00
2.60
46.40
18.10
9.30
20.80
48.80
9.10
47.70
16.10
11.70
40.30
4.50
2.10
0.80
9.50
8.10
25.00
11.30
33.20
4.70
0.00
46.60
24.50
47.50
16.40
1.80
7.80
3.60
47.00
48.30
17.60
49.20
27.50
17.80
37.60
0.90
14.10
44.20
46.40
48.90
31.60
2.60
32.50
28.10
18.80
29.60
37.60
37.50
49.70
11.20
47.80
7.90
43.90
46.80
45.50
0.80
6.30
43.60
9.50
39.80
36.70
32.50
15.10
33.30
33.80
46.70
13.60
28.30
32.70
44.30
10.00
18.80
41.60
24.10
30.80
2.70
1.40
7.50
14.30
15.90
34.20
21.00
19.80
41.80
36.30
45.00
13.70
39.70
22.40
0.80
4.70
23.50
25.20
39.20
11.40
6.00
8.10
28.60
4.30
11.50
40.80
36.70
6.00
31.20
30.50
28.30
20.70
42.10
45.40
20.60
26.00
34.00
32.40
11.00
46.40
39.20
24.90
40.00
47.50
48.50
12.90
24.20
39.70
36.90
37.30
5.40
42.60
32.00
32.20
31.00
9.40
33.40
4.90
28.20
9.10
44.40
16.80
17.80
48.50
39.50
17.80
25.50
2.60
34.40
2.00
9.00
4.90
45.00
9.70
29.90
38.90
10.70
14.50
41.90
36.90
15.20
46.50
37.90
16.90
48.60
30.70
29.20
31.20
37.20
18.30
17.60
28.50
24.10
19.80
15.50
36.70
2.70
17.50
35.30
30.60
4.30
7.70
44.80
9.40
31.50
3.50
45.80
31.50
5.80
22.30
31.40
30.30
42.90
29.70
6.80
29.00
49.60
21.30
13.80
14.60
33.40
15.40
45.10
13.00
10.40
26.00
47.50
41.40
22.40
29.00
4.40
36.50
32.30
23.40
23.20
29.60
28.20
32.90
44.60
40.90
35.30
34.60
44.90
18.20
3.00
30.20
34.20
30.10
49.60
11.50
21.30
14.00
11.10
32.90
32.90
12.40
34.50
45.50
16.90
13.10
38.70
6.10
48.40
26.10
6.70
19.60
20.80
42.70
0.80
35.30
32.90
34.40
12.60
47.10
25.90
0.20
12.00
32.20
17.10
41.60
37.10
34.30
47.50
44.50
37.20
19.80
12.40
27.80
21.80
47.50
48.50
28.70
28.30
49.00
41.50
23.60
0.00
30.50
34.50
39.00
38.40
19.70
23.50
0.20
7.50
15.10
32.60
32.20
3.80
34.00
38.30
7.20
41.70
42.20
33.90
8.30
7.00
41.50
45.10
41.90
5.40
18.10
18.30
31.40
1.00
33.00
35.60
22.20
10.60
12.30
11.40
11.40
6.20
35.70
39.80
7.40
4.50
4.60
33.10
6.30
49.30
28.50
1.00
12.10
19.50
11.70
2.40
0.90
30.10
16.40
6.40
21.80
9.50
30.30
41.80
8.00
13.20
31.90
21.80
16.90
16.70
13.70
26.50
14.10
24.70
42.70
43.00
28.60
0.30
44.90
24.60
39.40
8.20
15.00
39.30
32.50
6.50
23.40
16.00
39.50
26.40
32.60
47.90
29.20
12.60
20.20
3.00
7.00
34.80
48.40
20.90
33.50
18.20
25.00
39.40
47.70
40.10
31.60
17.30
42.00
15.60
21.40
35.60
19.90
43.20
46.70
18.10
25.70
49.70
34.80
1.20
49.70
37.70
5.60
26.10
2.10
0.40
15.10
10.00
25.30
47.10
23.60
21.20
5.30
8.90
20.60
7.70
19.40
14.10
10.90
24.60
6.30
13.60
42.80
25.70
49.00
8.40
44.10
8.70
20.50
18.10
13.60
9.80
28.60
30.00
24.70
33.70
7.20
32.70
44.90
20.70
14.70
42.50
40.30
3.70
28.70
23.90
48.80
40.90
23.00
22.20
41.20
39.40
25.90
32.80
8.30
4.80
28.00
38.90
27.90
35.40
19.50
19.20
39.30
16.40
44.20
1.80
43.70
40.90
24.40
41.40
43.10
10.10
40.10
19.30
0.40
45.10
12.50
47.40
32.70
42.10
42.20
36.90
2.80
13.30
36.10
35.30
44.00
6.00
14.20
17.40
17.90
17.80
18.30
45.10
28.10
31.00
18.90
22.00
47.60
15.50
45.60
14.30
18.10
21.60
12.20
14.90
39.60
35.80
30.70
37.70
17.10
38.60
30.70
36.90
47.00
38.60
44.90
47.30
32.50
43.80
19.00
4.80
47.70
15.00
47.70
42.10
21.00
48.60
36.40
17.50
41.50
30.20
2.90
39.00
17.50
38.80
20.00
0.00
24.80
46.80
38.90
27.10
1.30
37.30
41.10
47.40
42.50
13.70
22.00
31.30
47.70
17.90
42.10
38.90
27.00
26.30
49.80
41.90
8.30
20.90
13.30
10.20
48.30
37.30
43.70
12.60
21.50
18.30
36.50
24.40
15.80
11.50
7.90
15.00
1.30
26.00
6.40
19.20
9.10
16.10
3.50
15.80
40.90
6.40
17.90
36.60
12.00
29.40
46.40
9.60
45.60
19.30
28.40
49.80
6.40
4.30
42.70
35.90
31.60
42.60
14.60
32.00
18.60
18.00
6.70
27.00
42.30
38.50
43.10
10.20
36.60
30.50
25.90
47.70
2.10
11.20
36.10
0.80
21.20
43.70
35.70
2.30
37.30
15.60
37.40
2.60
0.90
34.30
18.30
19.80
25.60
18.00
32.00
49.20
16.70
41.40
25.00
27.60
28.90
28.90
38.60
9.90
40.50
21.40
24.60
0.80
29.20
5.20
12.00
25.20
31.20
5.50
10.20
7.00
36.50
10.60
9.10
31.40
40.90
37.30
21.60
34.70
46.00
44.80
20.30
7.60
1.10
32.80
32.30
28.40
12.90
26.20
35.60
30.40
44.80
13.50
35.60
33.50
3.80
47.60
2.70
29.70
15.10
12.10
43.10
15.70
36.80
33.40
8.40
36.80
17.90
32.00
22.10
48.50
29.90
41.70
12.50
33.60
32.90
45.60
49.90
18.60
27.00
49.60
29.50
4.80
22.30
2.40
32.60
14.30
32.90
26.40
17.20
10.60
9.00
14.40
45.00
26.20
44.60
28.20
31.10
25.10
20.20
34.70
33.70
38.00
9.10
29.30
40.00
7.00
42.30
37.70
20.00
49.10
12.70
23.80
37.00
19.20
17.90
5.50
27.40
8.30
30.90
30.20
44.70
8.10
9.60
12.80
27.20
38.80
15.10
11.40
24.90
49.40
10.40
29.30
49.20
39.80
25.30
2.80
32.50
19.70
38.20
41.70
15.70
26.40
17.60
38.90
44.80
8.70
0.10
45.60
14.00
20.90
40.00
30.80
7.70
0.20
44.00
44.40
25.30
5.50
29.20
23.50
26.00
40.90
46.60
35.90
46.90
48.50
4.00
33.60
47.90
9.00
36.50
34.70
3.80
33.50
7.80
33.90
23.20
47.90
13.00
26.20
38.10
35.90
23.90
4.80
13.40
43.00
32.70
10.60
7.90
28.80
31.80
44.90
38.00
20.20
33.70
7.70
20.80
33.80
37.20
17.10
47.60
29.60
44.60
15.70
49.70
17.20
4.00
3.20
41.60
29.30
1.90
33.00
20.70
42.80
49.30
46.20
20.20
46.20
17.30
11.00
39.40
7.30
4.60
5.20
43.70
4.40
35.50
40.90
49.40
49.40
5.30
8.50
43.80
37.60
22.30
1.00
11.80
33.60
28.50
29.50
46.40
2.60
31.70
35.50
20.70
46.10
20.00
24.80
33.00
40.40
20.90
17.90
15.90
8.80
3.60
3.40
30.90
36.80
27.70
18.40
3.00
14.00
7.70
38.00
30.80
47.50
18.30
4.80
21.40
12.30
48.30
41.10
39.60
32.90
37.70
15.00
18.20
36.90
27.30
17.80
15.30
3.90
7.90
31.40
34.80
26.00
16.30
10.00
27.50
33.90
45.00
45.00
7.90
9.00
14.00
4.30
1.70
4.30
15.90
4.40
8.30
26.90
34.30
33.70
45.00
9.10
49.30
16.70
38.70
5.30
15.80
12.50
3.50
20.80
47.50
45.30
45.50
14.10
49.80
2.00
22.60
10.40
10.40
35.30
19.70
36.90
9.60
47.10
23.00
10.30
44.40
49.10
0.40
25.20
10.50
4.40
31.40
13.90
44.80
20.30
3.20
12.50
20.50
45.00
49.60
1.80
44.10
29.70
31.10
10.10
34.60
24.70
24.70
12.70
12.70
24.70
38.50
9.50
40.30
27.20
29.30
45.80
5.40
3.60
49.50
39.60
17.50
48.20
32.20
42.70
49.40
35.60
49.50
5.20
37.80
37.80
5.80
5.80
16.60
15.20
15.20
7.10
47.00
16.30
32.90
34.00
4.50
49.30
1.60
0.50
40.80
28.60
49.60
31.50
15.60
25.30
45.80
19.20
3.40
40.70
44.10
37.70
24.60
5.90
26.50
27.50
15.70
11.50
11.50
47.40
37.40
25.70
38.00
22.80
13.20
28.50
6.60
19.70
32.90
35.20
14.80
18.20
35.60
48.10
26.00
18.20
9.00
23.80
14.80
19.80
14.70
46.50
16.70
39.30
34.60
19.90
34.80
45.00
31.40
0.50
32.10
33.90
44.20
2.70
38.90
32.20
17.70
9.60
30.30
23.90
25.40
28.50
25.60
18.50
34.40
36.40
23.40
6.50
10.70
27.90
7.70
17.80
13.60
9.10
27.90
30.80
44.00
3.20
36.20
10.70
10.50
36.80
3.60
17.80
18.20
14.70
45.50
42.40
14.90
48.30
27.30
17.90
41.10
1.30
10.40
16.30
10.00
2.50
37.30
21.00
2.20
33.00
26.40
9.20
28.10
15.80
13.80
41.50
31.30
43.70
41.30
14.00
7.10
16.50
17.30
13.70
26.30
17.90
27.00
20.40
7.80
46.80
46.80
26.30
39.90
12.30
9.60
22.00
19.60
25.70
39.90
43.60
47.40
0.10
7.30
39.90
21.70
39.70
37.40
20.90
8.30
37.70
13.40
36.80
44.50
21.00
24.80
47.00
40.00
10.70
12.10
41.10
49.70
7.00
49.80
23.30
12.60
41.50
26.50
42.70
2.30
3.80
38.10
41.20
13.40
43.80
37.00
46.60
37.90
43.80
45.70
11.20
28.60
3.00
7.50
21.00
20.50
33.00
0.40
1.10
40.70
38.20
3.70
28.30
6.10
0.00
15.00
45.30
48.00
40.70
38.80
38.80
15.90
28.30
38.20
19.90
34.30
14.40
43.40
40.80
43.90
17.20
46.40
40.60
17.30
20.10
25.60
29.30
43.30
23.40
29.80
25.90
16.00
39.80
22.20
47.90
0.20
26.20
13.90
43.20
0.30
44.10
36.50
41.70
21.30
10.00
23.50
14.60
28.80
43.90
17.50
49.00
34.50
15.00
43.50
11.50
19.80
44.50
1.80
20.30
11.70
5.60
48.60
28.90
34.60
2.00
30.10
7.10
35.50
13.60
28.70
2.20
7.50
5.30
3.90
9.50
38.40
21.30
49.10
35.30
16.90
41.70
26.80
15.00
29.00
12.70
4.70
40.10
26.40
9.90
5.90
12.10
12.10
10.00
27.60
0.40
14.80
11.00
33.50
32.60
14.10
22.20
33.70
2.10
9.60
13.10
49.70
0.90
32.50
32.50
11.90
31.80
46.40
33.90
31.80
9.70
8.80
27.80
37.30
41.30
30.60
30.60
44.30
39.60
17.50
33.00
1.90
47.80
1.80
34.20
29.00
17.40
29.30
27.40
29.30
25.60
22.20
15.00
14.90
22.30
22.20
37.80
42.30
25.60
24.80
15.30
35.80
18.60
27.80
23.50
4.80
5.00
36.90
22.20
32.60
3.80
1.10
47.90
20.70
9.40
41.20
35.30
18.50
0.60
3.70
38.10
5.90
6.90
20.40
46.60
13.30
19.10
45.40
32.20
48.00
22.20
30.30
21.40
23.50
31.20
25.50
28.20
34.00
17.30
4.10
34.10
42.50
30.60
48.50
30.60
13.10
31.90
23.20
27.00
34.60
20.40
1.30
45.40
47.80
13.30
39.00
41.10
43.60
18.90
10.70
36.20
38.20
38.20
1.30
43.40
29.30
38.10
34.70
46.70
45.20
28.30
28.30
28.50
44.60
22.70
32.70
39.30
22.90
14.40
21.70
13.20
25.30
47.50
0.50
14.80
23.80
5.80
17.80
13.80
34.10
46.40
29.50
22.70
17.90
5.50
10.30
13.60
16.80
29.10
47.30
33.30
44.10
23.90
38.90
1.60
10.10
46.40
48.70
21.50
13.50
19.00
39.20
31.40
0.30
26.20
4.90
29.90
20.40
29.40
14.80
35.00
11.90
32.10
33.30
27.90
31.40
27.70
16.20
40.70
49.50
21.60
46.30
14.80
39.10
30.80
4.30
28.30
43.40
37.20
5.50
39.50
19.20
4.00
26.10
34.90
19.90
33.50
36.40
11.30
7.50
37.70
23.80
42.70
49.50
27.60
35.60
34.60
23.80
2.60
35.20
38.60
24.60
17.40
9.90
45.40
48.40
39.60
36.40
47.30
9.70
30.90
0.90
0.10
26.80
6.80
20.90
43.90
13.10
36.70
22.10
15.00
19.30
45.10
0.40
36.60
44.90
41.00
36.30
26.40
48.60
21.50
41.70
35.90
47.90
11.80
17.60
29.30
1.30
1.30
49.00
27.30
39.00
6.20
9.20
40.50
12.60
37.90
16.90
26.50
22.10
43.60
1.10
29.30
16.10
4.30
38.40
49.50
4.20
38.10
46.50
35.50
4.90
19.50
29.50
22.40
26.30
12.90
38.60
47.80
25.20
25.20
34.50
27.20
46.70
4.40
44.50
45.00
17.30
40.10
30.50
45.10
32.80
2.80
10.10
3.00
26.10
26.10
45.70
14.50
40.70
29.00
18.20
38.80
7.60
37.90
44.00
15.90
39.20
3.10
26.30
40.40
6.10
46.80
34.90
45.70
32.00
34.10
2.90
29.40
12.00
29.00
13.90
5.10
8.10
33.20
41.20
27.40
21.50
13.90
23.30
31.70
16.10
42.40
32.30
48.80
30.10
16.70
28.40
35.70
28.30
24.60
9.90
0.40
35.90
15.40
13.20
35.30
15.30
48.10
4.60
10.40
19.10
8.70
25.20
28.40
32.70
41.40
3.40
31.70
27.70
45.30
8.40
31.30
44.70
40.90
5.70
3.50
9.50
31.80
43.50
24.20
36.80
39.30
12.10
21.00
48.70
11.10
19.60
48.50
16.10
9.90
31.60
31.60
16.50
5.90
36.40
26.90
25.50
23.80
7.90
39.30
11.50
4.90
29.10
37.00
1.40
43.90
5.50
25.30
45.60
4.80
28.80
1.30
16.50
29.00
26.60
9.00
2.10
48.00
23.60
28.50
15.40
42.30
10.40
41.80
39.70
31.60
4.20
4.20
42.20
37.90
19.90
46.30
12.90
6.90
32.50
34.70
41.20
42.20
4.80
44.20
19.10
16.70
32.00
23.50
48.80
9.40
8.10
18.50
15.80
1.20
43.10
22.60
32.50
32.50
47.60
35.40
49.80
49.30
22.40
30.80
37.60
24.40
38.30
11.40
9.00
39.00
28.80
25.50
4.40
46.40
34.20
46.60
44.20
23.40
15.50
30.50
29.60
13.90
23.70
0.20
0.20
19.70
39.90
35.20
21.30
1.60
43.90
22.10
27.50
34.50
16.70
9.80
47.80
48.10
39.00
29.70
36.50
41.10
21.20
1.50
26.70
4.70
49.70
32.30
27.90
1.30
12.60
45.00
30.60
33.40
21.90
30.20
27.10
14.80
32.30
45.60
41.00
1.90
44.50
15.70
45.60
32.20
46.10
37.70
16.30
39.60
19.60
5.60
2.10
36.60
19.20
28.50
28.50
21.80
11.80
37.20
37.20
18.90
1.60
27.80
40.90
34.10
21.20
12.60
46.60
38.30
36.60
6.30
22.00
4.00
14.50
39.20
20.30
0.40
5.10
16.90
8.00
10.10
47.50
35.40
47.40
35.30
8.20
27.80
3.20
22.10
23.10
8.60
39.90
40.10
25.80
41.50
23.80
43.60
12.00
44.90
0.20
7.40
14.30
42.60
10.30
27.40
16.60
37.00
44.60
19.70
40.10
24.10
32.10
30.60
6.90
38.20
40.40
30.10
19.90
31.90
23.90
36.20
27.40
27.40
4.70
39.90
7.00
35.40
42.90
11.70
41.70
19.80
3.00
5.50
49.30
28.10
18.60
18.60
42.30
45.90
7.90
3.50
24.50
22.40
39.00
27.70
14.60
49.30
43.20
40.40
46.30
25.80
20.60
31.50
11.50
22.90
6.00
31.90
21.80
28.80
38.70
44.60
40.30
8.10
21.70
48.40
44.00
32.90
20.30
15.20
3.90
45.20
31.50
44.30
9.10
7.10
13.90
42.10
32.30
21.20
29.10
39.60
7.00
34.10
44.30
44.50
21.10
42.80
36.00
33.90
1.80
47.80
11.50
35.00
1.60
42.90
40.40
40.40
27.20
43.20
27.40
37.50
3.70
38.40
37.90
32.60
44.90
3.00
21.50
36.70
49.10
18.20
18.10
34.20
29.70
0.80
38.20
3.20
12.80
6.00
20.00
24.50
49.20
4.70
22.60
17.30
6.20
45.70
7.40
23.50
3.40
16.00
18.00
21.10
29.40
12.60
21.90
48.60
4.30
16.80
17.00
19.50
3.80
0.70
37.40
11.70
44.40
8.30
24.10
27.10
26.20
42.50
18.80
9.70
41.30
6.70
28.00
10.80
33.60
21.80
37.90
1.60
24.70
45.40
36.80
1.70
8.10
12.00
25.20
16.20
11.90
7.80
45.30
15.50
32.80
28.70
8.40
45.00
14.70
22.70
49.40
0.60
32.90
12.40
36.60
42.10
13.50
35.30
15.60
31.40
15.40
25.80
26.80
33.20
5.60
30.50
49.60
31.00
19.80
2.90
27.00
19.00
44.10
13.70
30.80
35.60
13.60
20.90
29.70
47.80
3.60
4.90
39.80
30.30
40.00
12.90
29.40
18.40
1.90
2.90
0.70
39.30
39.20
28.00
22.70
34.40
0.90
49.20
14.00
2.50
32.80
34.60
9.00
33.40
8.60
44.30
35.70
1.90
17.10
22.30
14.70
39.20
35.80
32.10
3.80
43.20
29.30
29.40
41.00
15.30
23.60
48.30
45.80
15.20
48.40
3.40
47.10
31.20
28.90
18.00
15.70
41.40
6.50
5.30
8.00
20.40
40.40
48.20
24.80
49.20
18.90
23.60
49.50
40.90
11.60
10.40
10.90
16.00
37.90
35.30
0.10
20.50
30.90
23.70
22.30
23.80
8.30
43.90
45.60
2.00
43.00
34.50
6.30
17.30
30.40
40.90
27.30
25.70
16.70
45.80
36.00
43.70
46.40
34.80
36.80
38.90
43.50
3.00
24.10
17.80
29.60
42.60
14.00
42.20
48.50
43.80
45.30
7.80
27.70
33.40
18.60
38.90
43.70
9.60
0.40
20.80
40.20
26.40
3.60
42.60
16.50
49.30
33.40
2.60
12.40
8.40
9.30
4.50
41.40
48.80
42.00
7.70
16.60
13.10
25.00
6.50
6.40
15.60
21.00
32.20
23.10
16.60
45.90
4.10
29.40
18.80
30.30
4.50
10.30
23.40
47.60
4.90
34.30
16.50
29.60
37.30
31.70
38.40
37.20
4.30
20.80
11.30
35.30
20.70
27.40
5.20
31.20
23.50
4.10
16.40
36.60
29.40
37.00
31.30
33.20
11.30
46.40
41.60
32.70
3.70
24.80
5.00
49.20
48.00
41.40
24.00
41.70
31.40
0.80
35.70
1.80
15.30
46.40
43.90
47.10
27.80
3.60
2.40
48.00
28.00
13.30
48.60
9.00
4.00
21.70
2.10
16.60
35.40
24.30
7.60
35.80
31.70
28.30
17.00
30.60
9.20
12.50
22.00
49.40
27.30
19.50
0.10
30.50
36.00
26.70
17.80
24.70
39.40
40.30
35.50
24.20
26.00
7.00
34.50
47.00
5.80
26.20
39.00
11.40
17.30
34.80
9.30
12.40
9.00
44.70
1.20
28.80
4.10
19.10
1.40
42.70
14.50
6.20
27.30
32.90
17.90
47.60
5.20
11.60
17.70
49.40
2.60
49.10
33.40
12.50
27.00
10.90
36.40
2.90
32.00
5.50
30.80
34.60
41.50
16.80
44.70
47.70
26.80
18.70
3.10
18.90
19.30
33.10
27.40
17.30
0.20
22.30
40.00
20.50
15.50
35.40
2.00
23.10
23.80
7.30
3.30
1.00
11.30
11.20
29.40
47.60
23.50
3.70
17.10
21.10
37.50
14.10
35.10
33.70
41.20
22.30
28.90
48.50
5.80
34.30
43.30
12.60
46.60
41.50
20.60
9.80
32.20
42.00
32.60
0.80
7.10
38.80
23.20
0.60
28.60
16.20
42.80
9.80
25.00
26.70
27.70
3.20
38.30
42.20
43.20
44.60
25.40
39.50
42.90
5.60
30.20
43.00
29.90
45.90
36.30
13.50
36.50
5.20
20.00
32.80
25.70
49.00
4.70
24.80
44.20
34.10
26.10
4.00
37.20
1.40
40.30
15.40
36.40
23.00
3.00
14.80
49.30
7.30
0.30
39.80
10.50
21.90
22.50
8.70
21.40
1.70
11.30
2.50
5.70
42.60
39.60
19.50
41.20
46.00
33.50
7.70
47.20
30.70
44.70
7.80
26.00
4.50
45.50
28.20
12.00
24.10
42.50
31.50
1.20
0.00
26.10
11.70
37.50
32.40
4.00
33.80
13.20
36.60
41.60
22.70
36.60
3.60
45.70
0.70
47.70
12.60
28.10
3.60
31.00
40.70
47.20
41.90
23.80
9.30
20.90
7.80
45.70
26.70
8.10
22.50
18.10
47.10
36.40
10.10
29.80
22.60
22.60
30.70
24.50
22.40
30.60
10.10
29.70
29.70
5.90
33.80
38.70
29.40
13.20
46.50
46.50
48.10
23.10
16.20
38.30
4.70
13.30
31.80
34.90
34.90
23.50
10.10
39.70
49.90
35.30
9.00
16.30
38.20
25.20
49.60
6.40
6.00
20.90
42.90
28.00
6.30
23.70
43.60
4.60
20.20
15.70
19.90
6.30
13.90
1.10
33.50
43.50
29.40
43.00
47.30
39.60
2.20
28.80
7.30
48.10
14.80
5.80
45.00
5.50
9.70
36.10
15.70
39.60
27.40
1.20
9.50
13.50
1.70
45.20
4.80
21.50
22.70
37.70
39.30
48.40
13.20
12.40
23.20
34.00
19.50
16.60
6.80
17.20
19.70
27.20
43.00
45.00
37.90
29.60
44.60
16.50
30.60
36.50
14.70
28.60
0.60
17.00
19.50
30.70
9.60
34.80
32.70
31.90
48.50
1.40
41.50
10.80
7.90
41.80
41.30
11.70
10.20
41.20
44.30
24.10
28.20
22.90
12.40
39.10
37.40
28.40
39.30
10.80
3.70
4.30
38.50
43.40
40.50
33.10
21.30
48.20
35.60
16.50
5.60
44.60
2.60
5.10
3.70
8.30
40.70
42.60
47.80
0.20
19.20
46.00
45.80
10.80
22.30
6.10
34.60
11.70
34.50
30.60
7.40
31.70
11.80
24.90
24.80
43.00
31.70
2.20
42.30
6.10
11.20
15.30
15.80
10.20
38.20
6.20
22.40
30.10
24.30
31.30
2.30
31.80
40.80
2.10
37.80
15.20
12.60
46.60
6.30
39.70
8.60
7.00
25.90
7.20
18.80
46.10
34.90
0.30
25.40
20.30
30.00
2.90
10.90
31.70
9.60
26.40
7.80
20.70
44.40
5.90
5.70
7.40
31.50
4.80
11.70
34.50
40.70
35.60
13.50
46.60
21.10
4.10
39.60
32.60
43.20
19.20
18.80
5.20
29.30
2.40
2.00
46.40
19.20
46.40
47.00
29.40
20.80
17.00
23.90
0.50
24.70
2.30
25.20
12.80
28.40
37.90
23.10
9.10
13.60
8.30
30.80
46.00
42.00
13.00
6.60
42.20
16.70
38.40
46.00
36.30
49.50
40.20
30.40
47.50
37.00
29.80
20.90
43.20
45.80
22.40
18.60
43.30
45.80
8.30
13.30
40.40
40.90
9.60
11.50
48.10
40.70
49.50
19.10
1.80
33.40
9.10
44.90
43.60
25.50
26.80
42.50
14.30
5.40
28.40
42.70
16.40
1.30
29.10
34.80
18.90
42.10
25.60
11.70
40.60
27.30
13.40
23.10
34.70
7.50
37.60
30.00
33.50
40.20
37.90
15.30
7.30
7.30
32.20
48.60
19.20
4.70
5.30
49.00
45.30
45.60
17.30
22.80
27.90
39.90
0.20
13.70
34.80
1.80
48.40
36.00
43.70
44.00
39.00
41.70
26.10
1.80
6.60
23.80
38.40
32.70
12.10
33.20
13.90
30.60
10.90
24.30
38.60
39.00
0.40
35.10
7.30
40.80
17.20
14.00
20.80
11.20
49.20
25.50
20.40
3.60
11.90
28.00
29.60
37.20
2.90
20.90
18.50
41.70
0.30
46.80
7.40
1.40
9.60
49.20
30.60
28.50
17.30
24.20
41.50
21.60
6.30
45.20
41.10
29.70
18.20
6.50
48.40
36.20
21.80
1.90
38.90
44.70
6.30
9.40
4.70
26.50
38.10
18.10
17.50
28.00
36.00
36.20
39.10
12.60
1.70
23.70
40.90
0.10
17.10
46.70
23.20
14.10
43.70
23.40
37.70
21.70
5.00
18.70
30.10
44.30
1.10
8.20
47.50
27.70
15.30
45.00
12.10
38.80
15.50
9.90
8.50
30.00
5.80
34.60
17.00
3.60
33.30
7.40
49.30
32.50
7.00
41.30
8.00
26.90
37.30
19.70
7.00
49.50
42.60
40.10
15.40
49.00
41.20
31.70
20.20
27.10
30.80
44.30
20.70
20.30
49.00
34.90
42.60
6.10
31.00
19.30
10.20
24.10
5.70
24.20
37.60
27.40
46.60
43.90
30.60
42.80
36.90
49.50
49.80
4.30
45.30
20.40
25.70
9.00
14.90
23.30
33.10
5.50
37.90
25.30
38.40
40.30
38.80
22.60
25.90
8.60
17.30
46.70
36.80
49.30
6.70
10.90
22.20
35.80
43.60
33.70
40.60
23.60
10.60
8.70
41.20
18.70
10.60
49.70
47.30
44.70
32.60
32.60
19.90
3.00
8.30
11.90
29.70
5.80
9.50
6.50
35.50
3.20
18.40
10.30
39.50
18.50
28.20
28.50
27.90
2.20
36.40
44.90
49.50
20.50
19.00
43.70
36.70
8.10
43.10
40.20
39.00
12.30
46.60
34.40
1.60
47.90
33.00
9.50
15.00
14.40
10.80
37.50
24.40
43.40
39.30
0.10
36.10
37.60
42.20
28.40
39.10
23.00
26.70
47.90
28.60
2.10
39.40
32.30
24.50
3.00
46.20
11.10
27.40
19.90
33.10
9.90
25.30
29.50
36.50
40.70
12.70
21.10
28.70
25.70
21.60
18.80
3.50
45.60
36.00
12.10
31.00
30.80
33.00
17.10
19.70
27.80
36.90
10.30
18.90
1.70
23.00
8.00
16.70
33.40
47.00
39.70
17.20
38.00
19.30
43.50
46.90
37.80
10.30
0.80
5.80
3.60
48.50
16.70
23.60
26.50
46.80
27.00
1.50
3.40
34.70
23.80
46.30
5.20
33.90
33.10
42.10
46.40
41.50
49.20
41.80
38.10
36.60
44.70
42.50
18.00
27.90
12.40
39.60
33.30
18.60
43.80
14.40
7.00
23.70
33.40
6.90
45.50
40.80
27.40
41.40
6.20
34.70
19.30
12.80
41.40
35.10
36.00
12.00
22.30
38.10
43.40
30.90
18.60
43.30
48.90
6.00
21.80
20.30
45.50
10.10
29.20
11.20
6.60
10.40
8.20
42.50
39.10
8.90
22.20
36.80
8.90
41.00
3.00
18.60
28.20
44.60
30.20
40.00
27.80
2.70
2.70
37.60
46.20
25.20
23.70
0.60
8.40
47.60
16.20
45.40
15.00
4.40
39.20
1.00
21.40
20.40
19.90
12.50
31.10
14.70
20.80
47.90
39.00
30.30
10.60
49.30
15.90
14.20
13.00
18.70
46.90
9.40
39.80
2.30
7.90
30.80
40.40
24.50
23.00
19.70
46.80
40.60
13.80
33.00
16.50
39.00
34.90
20.60
45.00
2.20
45.80
31.90
48.40
29.70
1.60
31.80
35.80
19.50
45.80
11.00
31.70
28.40
47.90
17.50
11.60
3.90
42.40
16.30
11.90
19.40
19.40
23.50
2.40
28.40
21.90
12.40
12.60
18.40
14.50
4.90
49.30
13.30
17.10
35.60
23.90
7.00
47.40
34.60
22.20
40.60
0.00
33.80
47.10
4.90
39.40
21.60
20.80
37.50
10.10
11.00
45.20
19.50
15.70
12.30
10.20
33.10
10.00
20.10
28.10
31.50
24.70
16.80
41.60
4.40
30.00
41.70
19.20
44.00
39.30
31.60
21.60
21.10
10.10
18.10
43.30
11.70
18.00
14.60
29.50
10.00
14.00
34.00
6.40
36.30
34.80
38.20
24.50
34.70
40.00
32.80
45.70
11.50
49.50
22.70
45.70
44.40
32.60
0.90
22.20
0.40
36.50
13.90
39.50
5.80
16.20
24.90
46.90
13.90
20.70
27.70
20.70
30.00
27.70
38.90
49.80
44.90
16.20
28.40
38.80
18.70
23.10
31.70
10.10
45.20
5.10
12.90
24.60
29.80
40.20
13.30
22.60
25.40
48.40
21.80
13.60
4.00
1.80
35.00
1.00
27.90
36.70
2.80
24.40
46.50
46.90
14.30
41.20
38.70
23.60
33.60
32.20
46.40
44.70
36.50
41.50
47.50
43.20
36.30
17.20
20.10
37.70
35.20
45.30
12.00
12.00
23.00
12.00
45.10
15.50
49.90
37.60
46.90
23.80
27.00
17.80
45.80
29.70
44.10
44.10
6.70
1.40
16.30
16.10
32.90
37.30
21.60
6.40
17.10
29.70
47.20
48.20
39.60
38.20
36.80
41.70
37.40
9.80
46.80
38.30
35.30
11.50
23.40
2.70
20.90
33.70
40.20
10.00
0.70
26.20
15.80
34.50
9.20
31.30
48.90
31.30
48.90
43.60
43.60
46.90
42.90
3.10
23.50
5.70
5.30
36.60
17.70
27.70
32.70
32.70
11.40
7.40
21.20
33.70
47.30
4.50
47.30
32.90
16.40
30.60
47.10
33.10
49.40
37.40
12.80
8.50
25.80
43.30
7.20
13.30
40.20
19.50
12.00
23.90
28.60
42.10
11.90
25.00
16.50
17.00
17.10
7.10
37.30
7.70
32.70
4.80
44.80
39.20
20.00
19.30
44.60
3.40
28.60
15.60
14.90
39.60
8.30
20.60
8.20
6.90
31.20
40.70
27.20
16.30
44.00
23.10
39.50
34.40
40.30
49.60
24.90
36.50
21.60
8.70
34.50
15.60
37.10
11.20
45.80
31.10
15.80
11.40
19.80
36.70
29.00
21.80
24.00
5.70
46.30
39.40
0.80
1.30
13.60
41.80
30.90
30.30
46.60
49.80
32.00
22.60
26.20
23.50
12.60
21.20
17.50
46.40
10.50
39.50
18.00
41.00
12.10
18.50
0.10
17.90
39.80
41.20
46.00
36.90
43.00
15.30
41.10
11.90
21.60
26.50
37.50
37.50
19.40
30.40
18.30
2.30
27.90
33.90
33.90
36.50
17.40
34.10
27.50
23.50
29.90
18.10
38.40
33.10
15.10
6.10
25.40
18.20
45.70
36.10
26.70
35.30
23.30
40.30
45.30
5.10
16.20
31.70
11.60
5.50
42.40
47.60
21.90
30.10
19.80
26.20
1.80
31.30
7.10
48.30
3.40
48.10
23.90
40.20
39.10
39.80
38.00
47.60
30.50
30.40
44.90
22.30
29.20
23.70
35.10
21.60
22.10
2.80
18.80
32.30
28.80
25.30
29.10
41.70
5.20
31.60
16.70
20.30
3.10
14.90
22.90
38.80
34.50
3.70
48.70
9.90
4.10
29.20
39.80
23.40
33.80
38.10
37.30
33.40
3.30
18.40
47.80
11.30
24.90
27.50
34.30
30.80
31.50
34.90
1.50
4.60
22.70
22.60
46.00
16.00
22.70
41.40
45.40
1.90
14.50
5.40
2.30
47.00
16.50
0.40
39.70
24.80
11.60
25.40
16.00
17.70
10.70
33.60
18.40
42.40
29.80
21.80
31.60
47.90
6.50
27.70
30.10
33.40
26.00
35.80
43.90
35.80
4.10
1.90
6.00
6.00
38.50
8.90
21.30
25.70
2.50
45.00
2.80
46.40
9.90
28.00
42.80
31.10
0.40
0.70
39.00
43.00
49.90
36.90
46.70
10.30
26.50
8.20
8.20
16.70
17.70
11.40
46.50
13.20
13.20
11.60
8.00
25.00
19.50
28.40
11.80
33.70
35.60
40.60
20.10
11.60
40.50
5.30
23.70
32.50
5.50
32.70
23.60
10.40
40.60
40.60
47.60
22.00
48.50
45.70
47.50
19.60
47.20
30.30
20.80
36.70
26.40
16.70
27.70
7.60
49.10
35.50
34.50
16.60
41.80
3.40
27.90
29.20
1.10
16.90
24.40
44.50
8.70
10.00
48.90
29.20
26.10
48.00
22.80
16.80
29.00
3.70
33.30
45.10
20.10
23.30
23.80
36.80
4.40
0.00
10.70
32.20
49.10
39.80
44.30
34.10
42.50
27.10
7.20
43.10
4.50
39.90
28.70
29.90
26.30
13.90
15.50
8.80
0.10
26.00
20.60
33.40
46.00
12.90
12.00
35.60
32.20
2.10
16.50
16.50
13.60
43.80
13.20
20.50
10.10
23.30
37.70
43.20
28.50
11.70
35.20
36.10
35.00
3.60
24.60
40.50
43.00
23.30
13.20
31.40
15.00
11.00
23.20
48.10
9.50
42.40
35.80
21.90
35.60
18.80
36.00
4.90
29.00
21.30
38.10
27.00
6.50
30.00
23.10
23.10
34.90
27.60
6.40
39.50
27.70
41.90
1.10
25.60
19.00
30.10
12.00
11.70
18.80
37.10
22.80
36.20
43.30
39.40
1.50
12.20
4.20
18.20
23.00
45.40
18.30
30.00
3.10
28.10
2.40
15.30
41.80
22.10
30.60
3.10
40.70
25.20
2.00
32.20
16.00
13.50
14.80
47.70
10.30
41.00
25.70
47.40
49.20
22.90
47.00
9.50
31.00
16.20
43.60
28.00
6.70
29.20
14.00
38.40
25.90
31.40
19.20
44.80
47.40
46.60
3.50
12.60
3.70
13.00
25.00
31.60
3.50
6.50
7.10
39.60
23.60
11.50
13.30
30.70
30.50
28.20
44.10
22.70
17.50
39.70
44.20
31.80
48.30
16.90
6.90
22.90
12.30
0.10
2.00
47.80
9.80
10.00
6.60
2.30
24.30
2.50
8.80
29.00
31.40
48.00
4.30
37.50
39.90
32.30
7.80
34.70
44.00
46.30
33.20
42.90
21.80
38.90
31.40
44.30
20.90
33.40
28.60
11.80
11.80
8.70
14.90
47.80
41.40
47.60
24.60
44.70
14.50
37.30
14.60
25.30
25.30
22.80
40.90
49.00
26.70
40.50
47.00
11.60
11.70
45.80
9.00
44.60
4.00
13.00
23.30
40.00
29.60
31.60
4.90
44.00
27.50
33.20
32.00
7.90
47.00
46.40
18.30
35.70
49.60
38.50
41.20
32.80
49.00
25.60
14.70
4.30
48.00
14.50
23.50
10.30
43.50
6.90
49.80
47.00
0.10
22.50
22.50
4.20
18.70
17.60
16.60
6.90
12.50
42.00
31.00
0.40
15.20
48.20
4.30
6.00
28.50
16.70
21.40
12.60
14.60
40.70
36.10
42.50
41.90
13.70
1.40
32.80
35.30
49.30
17.30
31.60
16.90
7.30
19.30
21.30
8.50
9.30
22.00
31.30
18.60
33.70
30.30
9.40
9.40
26.50
24.90
38.10
46.50
27.60
13.60
46.40
33.20
25.40
6.40
16.20
24.80
21.70
17.70
18.80
17.70
9.20
14.90
10.40
34.90
22.10
25.20
17.60
27.90
12.40
31.80
45.10
6.60
45.10
3.70
3.00
37.00
21.60
38.60
40.10
0.10
28.90
12.50
3.60
47.20
15.20
12.40
48.30
1.80
49.60
9.60
21.30
1.70
2.10
38.60
29.10
9.80
9.10
19.20
46.30
46.70
45.90
44.50
47.90
39.70
28.80
31.60
14.70
23.50
46.30
20.40
40.90
42.60
34.00
47.50
10.70
7.50
15.00
45.80
0.20
6.40
3.90
9.10
17.30
18.80
31.60
11.50
26.40
19.00
30.20
34.00
4.50
13.20
45.60
29.50
14.20
43.40
14.50
32.50
8.70
28.10
6.60
16.10
13.10
43.60
23.50
41.70
48.80
9.70
29.80
1.80
23.40
10.30
32.80
38.80
40.20
18.20
29.70
3.00
26.60
38.60
40.00
42.00
13.60
11.30
38.70
24.10
5.60
29.70
29.70
45.80
48.70
24.70
22.30
21.00
36.90
8.20
28.10
46.20
36.30
42.50
31.80
32.60
15.70
13.00
11.30
36.20
9.30
16.20
46.80
3.90
18.30
41.10
49.70
10.90
17.30
10.60
27.80
12.70
8.00
49.50
8.70
22.20
39.20
28.10
12.40
22.20
39.20
28.10
12.40
32.10
30.40
13.00
24.00
30.90
48.10
11.60
25.70
16.80
2.60
48.90
46.00
33.20
26.20
16.70
2.70
44.30
12.00
27.60
27.60
44.00
20.90
13.60
40.20
13.40
35.40
49.90
27.20
27.20
14.30
6.50
6.50
49.80
32.00
11.90
28.00
2.50
30.10
40.50
28.50
49.70
20.90
24.00
33.80
23.90
26.20
16.80
8.90
13.00
29.80
17.60
2.60
46.40
14.80
20.90
23.30
44.00
5.00
45.30
13.70
28.90
9.70
25.30
35.00
11.40
29.60
43.30
48.70
44.20
8.40
28.00
21.70
28.00
18.80
43.10
46.80
3.70
42.40
29.50
20.50
18.70
10.60
7.60
34.80
23.20
25.60
44.80
41.20
17.60
7.30
8.20
49.10
8.50
5.50
38.30
15.70
24.20
9.10
6.10
18.20
40.30
13.60
37.00
41.50
35.20
6.10
9.10
12.10
31.10
19.90
16.80
18.70
34.90
18.60
17.30
27.90
20.60
2.80
49.70
5.70
11.90
16.10
19.90
36.00
38.30
5.00
27.60
37.70
39.20
27.70
40.60
8.80
48.90
11.90
27.90
23.10
7.40
32.30
33.10
40.70
35.70
46.10
41.00
21.40
7.70
33.50
27.10
3.80
1.90
9.60
15.80
18.20
9.90
29.30
29.70
18.60
9.70
25.10
37.60
8.50
37.00
5.60
37.60
16.30
2.40
0.50
0.50
23.00
16.80
40.00
38.70
39.10
39.10
9.90
26.60
4.40
11.00
48.80
40.70
38.40
3.90
46.30
36.20
18.90
29.70
31.40
39.30
7.60
11.50
8.80
6.30
29.80
4.20
29.10
10.50
29.90
35.50
43.90
5.00
2.40
49.10
19.80
25.60
34.60
24.20
14.20
37.00
31.40
7.70
33.90
42.00
18.10
9.60
28.80
1.80
6.70
15.40
20.50
16.70
46.40
14.00
23.90
8.10
48.30
45.90
19.10
11.00
1.40
12.40
49.80
38.30
24.50
47.40
6.80
34.20
15.50
35.60
37.20
7.40
35.90
37.60
43.50
31.40
24.60
33.20
46.50
17.90
14.60
3.20
35.30
29.30
29.80
40.30
16.90
45.80
44.00
28.10
9.40
20.10
47.00
42.90
10.50
9.40
6.60
36.60
40.00
19.20
5.60
18.60
31.70
6.20
18.80
13.30
28.60
29.90
43.40
15.50
22.90
40.30
39.10
9.90
12.30
43.50
32.80
48.20
4.80
28.20
43.70
28.60
31.20
34.80
4.00
33.00
0.30
26.20
18.60
33.60
43.80
6.90
18.90
26.90
21.50
21.50
26.80
16.40
17.80
45.80
45.80
18.30
44.30
22.90
32.00
47.20
8.50
42.60
6.80
0.80
30.20
24.50
42.10
41.90
19.10
42.70
42.70
13.70
37.50
43.80
13.50
13.50
33.70
22.20
5.30
35.30
14.10
12.10
37.40
1.60
48.80
37.00
14.50
49.70
9.80
9.80
35.60
43.70
15.10
25.10
44.30
11.50
19.80
15.10
37.20
44.60
34.60
17.10
45.50
12.00
12.00
15.30
39.10
14.90
14.90
10.70
22.40
38.60
1.00
33.80
46.50
38.80
48.00
38.80
48.00
49.60
47.70
25.90
29.80
46.00
48.90
48.10
3.40
33.70
11.60
14.00
1.40
43.80
12.30
17.30
16.60
47.50
26.00
5.50
16.60
19.90
6.20
28.20
11.70
27.60
16.20
16.20
0.30
22.70
37.80
26.40
37.10
38.00
8.40
44.50
27.40
44.60
46.10
15.10
15.10
44.90
49.60
17.80
47.60
2.30
18.10
27.40
24.60
49.70
21.80
48.80
16.20
20.50
44.90
15.50
40.50
17.50
18.80
38.60
49.70
3.30
36.50
24.10
22.30
17.90
11.30
39.70
35.20
15.50
0.10
20.10
13.80
11.10
11.40
32.70
17.90
2.10
14.10
32.40
1.80
17.50
10.30
44.50
32.20
29.80
12.10
11.80
29.10
5.20
11.50
35.40
42.50
24.80
6.30
30.70
16.20
25.80
4.80
22.60
12.70
43.80
27.90
25.10
6.30
19.10
3.70
28.30
16.60
35.90
40.90
27.40
16.40
33.40
12.40
4.30
3.00
36.10
43.90
43.00
36.40
0.30
39.60
14.30
2.40
1.00
15.80
4.30
28.30
15.60
42.50
34.20
45.80
21.90
25.20
6.40
39.70
26.10
17.30
6.40
11.50
44.30
19.20
12.60
11.50
28.40
23.20
17.60
21.60
44.30
32.80
20.90
37.90
2.20
36.00
24.00
48.60
19.40
2.70
1.00
11.90
8.00
43.50
9.60
33.00
49.40
28.10
15.20
41.50
47.10
4.00
2.10
17.00
0.60
45.50
42.80
9.50
24.90
27.90
31.40
3.80
48.40
5.90
27.90
44.40
12.10
35.10
8.60
6.90
19.30
43.30
13.50
0.00
20.90
21.60
43.80
25.80
28.90
18.00
1.30
8.40
5.90
37.60
16.50
17.30
24.60
35.10
8.00
49.40
41.60
18.90
39.20
45.40
17.80
26.20
10.40
26.20
19.00
13.10
32.40
17.60
19.00
26.90
10.70
41.20
38.90
34.30
10.20
9.30
4.30
47.80
41.60
29.20
1.70
9.00
2.50
3.60
31.90
20.10
18.60
46.50
10.20
39.40
16.30
40.80
25.10
25.80
4.70
9.30
14.00
41.20
42.20
7.50
37.00
24.80
35.70
31.10
12.60
19.40
7.20
0.40
35.20
37.10
42.40
34.80
28.10
17.90
25.70
49.70
18.70
13.30
40.00
2.50
45.00
42.80
13.60
26.50
37.80
39.50
40.70
2.70
40.50
26.60
14.80
34.10
5.20
20.90
47.00
18.60
13.80
33.70
4.40
41.50
6.40
8.00
20.80
28.20
12.80
31.70
4.00
14.40
13.40
8.10
22.40
18.80
39.20
45.60
47.50
1.50
44.70
18.00
5.90
23.40
20.20
18.50
3.80
10.60
2.50
41.90
1.00
21.60
34.30
14.90
45.50
34.60
39.50
21.40
17.30
27.50
2.60
15.20
33.60
23.90
29.10
34.60
19.10
23.60
35.50
18.50
26.50
7.00
23.00
18.70
13.30
10.90
34.70
30.10
35.90
7.40
36.00
35.70
10.00
9.70
9.30
10.10
32.20
20.10
26.90
4.90
11.90
45.10
25.60
18.10
10.60
36.50
31.30
1.80
33.70
48.40
3.60
37.10
42.90
35.90
8.60
7.40
48.00
1.10
16.00
41.90
7.00
18.20
1.20
36.90
34.20
49.20
24.50
23.00
37.90
13.40
48.30
49.00
28.60
45.90
41.90
33.60
30.40
1.30
19.60
2.40
30.80
6.90
40.30
49.60
18.00
8.70
17.90
9.60
32.40
38.90
38.10
18.30
36.30
6.70
7.80
9.50
27.80
9.70
39.20
36.00
49.70
36.00
20.80
14.80
38.20
19.40
44.80
48.00
47.80
27.60
27.00
45.80
19.40
1.40
2.00
2.90
48.30
6.30
7.70
23.00
24.70
39.20
25.30
3.90
11.80
26.30
9.60
31.70
25.10
30.90
28.10
44.90
13.50
12.60
19.00
40.40
12.80
24.80
11.70
36.30
15.40
49.30
3.40
26.50
24.90
13.80
3.00
42.30
28.10
1.90
29.10
24.30
21.50
22.60
24.20
19.70
13.30
38.40
12.80
13.60
1.90
20.90
32.10
47.80
30.20
8.50
43.00
38.10
29.60
3.50
26.80
47.70
37.10
13.00
0.80
10.10
35.70
18.60
46.50
42.10
8.10
11.30
3.90
49.40
16.00
8.40
16.20
2.90
46.30
16.80
2.90
12.20
46.10
21.10
44.30
24.20
6.10
42.20
23.20
8.30
4.00
23.80
41.50
18.70
40.60
15.90
40.80
33.20
43.90
15.00
48.70
39.40
8.40
10.90
42.10
5.90
6.40
26.70
6.70
13.80
40.00
21.80
7.10
32.40
48.60
38.60
35.30
45.40
6.70
2.00
36.60
23.10
24.70
39.70
47.40
22.10
14.80
18.20
13.40
7.80
26.60
10.20
22.10
14.40
40.60
6.30
13.00
36.50
9.70
11.70
7.50
1.40
28.40
9.90
29.60
46.00
12.20
19.20
12.30
9.70
24.00
36.10
41.40
6.30
15.10
3.90
0.20
36.80
44.50
42.50
15.90
37.30
6.30
22.20
23.80
45.80
3.00
28.40
7.20
9.20
32.70
0.40
45.90
9.20
46.70
34.40
25.80
0.40
42.80
2.00
14.30
48.00
2.90
20.00
46.00
46.00
0.60
37.40
45.90
43.60
36.60
12.40
36.30
21.60
25.90
17.70
9.70
19.70
28.50
29.50
4.30
20.20
19.70
1.40
16.90
44.10
33.30
3.50
31.70
31.70
30.10
25.70
4.20
15.60
13.20
18.30
32.50
44.70
46.70
47.30
28.80
26.00
1.70
33.80
28.40
4.50
18.80
11.20
2.20
22.30
17.80
3.40
9.20
43.40
4.60
20.00
41.80
5.60
37.80
44.30
13.10
46.30
15.60
36.60
10.30
4.00
5.70
24.80
0.10
15.80
40.90
21.40
7.60
32.60
9.40
4.60
6.00
36.50
43.40
12.00
3.80
30.40
3.00
16.50
4.90
33.10
39.60
2.50
39.10
19.10
8.80
18.80
18.70
39.60
47.70
10.80
32.70
32.60
26.90
34.60
32.00
33.20
8.80
45.70
46.90
24.60
21.70
29.80
20.50
40.00
6.70
46.70
34.10
26.90
42.40
40.00
14.30
5.30
7.60
34.70
3.00
47.70
32.40
18.50
11.20
10.80
13.00
31.10
42.90
6.30
20.20
5.60
14.80
45.80
18.40
5.70
32.20
9.40
12.90
4.40
7.40
29.30
24.70
34.80
0.00
45.40
38.30
29.70
29.70
22.60
5.90
25.10
17.70
41.60
16.60
1.50
30.10
20.50
35.30
40.00
8.00
32.90
6.80
4.20
35.30
8.90
46.70
1.90
3.90
31.80
16.10
24.40
29.90
0.70
2.30
23.00
30.50
2.10
39.70
38.20
19.20
6.20
42.10
45.70
16.90
20.00
27.80
4.70
23.00
36.30
43.10
33.20
2.60
42.70
15.60
8.00
33.40
26.70
31.70
15.40
24.00
16.20
20.10
15.30
20.30
35.80
20.60
33.10
20.90
7.30
33.70
33.90
44.90
30.00
28.00
12.90
10.80
2.00
26.80
37.20
37.20
37.20
43.90
33.90
42.00
35.70
17.00
21.30
26.30
27.60
13.40
23.90
6.10
1.40
29.10
10.60
24.20
19.70
14.40
38.20
34.50
26.60
9.10
49.40
16.20
29.10
22.50
24.60
14.10
29.70
47.50
45.00
13.70
25.90
35.60
16.20
19.20
25.80
13.20
22.30
24.60
1.80
15.80
4.20
3.60
22.10
32.50
42.00
9.30
1.40
49.20
36.00
21.60
34.30
29.50
8.60
22.90
2.20
14.80
13.00
1.10
31.00
44.60
45.40
4.00
22.20
38.30
15.90
49.30
14.20
2.20
18.70
5.40
41.90
30.80
6.60
16.90
27.50
33.20
34.80
0.90
48.60
3.10
35.40
33.40
35.30
48.40
5.20
37.50
49.40
4.00
0.40
7.10
14.40
47.00
6.40
0.60
43.00
33.50
15.40
24.00
27.60
7.00
16.50
17.90
18.60
32.40
46.60
43.40
18.60
13.20
17.00
2.40
22.50
21.20
38.70
18.70
47.70
19.30
32.50
15.10
35.80
35.20
39.30
19.90
15.00
5.20
12.00
10.50
45.30
1.00
35.90
44.50
32.10
36.40
26.80
25.90
26.90
12.90
49.70
26.70
46.60
1.60
8.00
30.70
23.20
29.30
11.70
42.80
13.30
7.90
7.90
23.80
6.10
18.40
38.50
38.40
38.40
23.30
21.10
8.70
25.50
42.30
44.90
44.90
37.90
48.90
26.30
6.10
24.60
23.80
15.00
6.20
2.40
3.10
20.90
11.80
32.40
13.40
38.90
2.20
47.70
45.90
7.30
21.80
9.00
36.10
18.20
34.00
41.70
8.50
8.50
27.70
2.30
3.50
46.60
20.40
11.80
29.50
5.10
47.90
34.30
17.50
32.20
13.50
18.40
13.20
45.40
2.90
34.20
2.50
21.60
8.60
44.90
39.80
18.70
37.60
21.80
47.60
30.00
4.10
39.30
39.40
0.30
38.30
27.10
10.70
37.20
43.50
47.90
28.70
35.30
14.70
49.60
48.10
14.80
49.80
35.80
46.10
6.30
21.80
21.80
13.20
5.00
30.40
24.20
11.20
5.80
35.30
26.70
20.00
17.80
24.70
25.90
48.70
45.30
35.40
39.00
37.90
19.60
47.70
14.80
16.90
10.30
3.40
7.00
5.60
5.60
15.70
12.50
34.60
13.90
20.80
34.00
18.00
33.60
28.40
42.10
5.20
39.90
26.50
26.10
5.30
35.40
5.70
44.10
6.70
37.50
45.50
39.30
40.30
49.30
37.30
5.60
45.90
16.30
22.30
9.90
5.00
14.10
12.00
12.20
49.10
22.40
23.20
31.00
4.80
16.10
24.30
31.10
42.40
25.10
46.80
25.80
8.50
28.60
3.40
17.80
34.40
48.90
27.80
21.60
10.70
46.00
5.80
32.00
48.00
40.40
20.20
25.40
14.00
30.00
37.80
1.50
36.90
35.00
16.50
44.70
15.10
32.00
33.00
46.20
32.60
45.80
3.50
44.80
29.10
35.60
32.70
10.20
10.70
9.80
1.10
18.60
6.90
47.70
27.20
42.30
34.40
19.80
26.70
41.40
11.20
40.30
1.00
6.40
0.80
41.30
45.50
23.70
35.70
38.80
42.90
20.60
32.70
49.80
49.30
48.00
25.90
39.70
6.90
39.40
6.40
25.50
25.80
8.40
22.10
16.00
26.30
34.30
48.40
28.80
5.10
26.90
16.80
8.60
34.90
0.80
0.50
2.30
39.90
33.80
29.60
29.60
28.00
9.20
33.50
3.50
43.30
1.00
4.30
16.10
30.40
30.40
0.80
6.80
19.70
10.80
36.40
36.40
42.40
29.40
36.20
46.40
29.30
30.00
14.30
16.70
17.50
19.50
33.60
25.30
3.20
5.80
34.30
21.80
36.00
16.00
44.90
16.90
40.40
5.80
46.40
44.50
19.10
16.70
0.20
36.40
14.20
16.30
44.20
10.40
9.20
23.20
39.90
38.10
23.30
49.70
8.60
1.40
48.70
19.80
34.00
33.10
35.40
22.90
10.40
22.20
47.50
46.10
36.50
4.00
12.20
39.10
5.20
17.20
15.50
13.70
1.70
14.30
26.60
13.50
6.70
9.80
33.10
13.00
49.00
12.00
8.70
35.20
15.00
30.40
45.80
32.70
10.00
13.70
18.10
30.20
22.00
3.80
16.20
7.90
9.70
42.50
32.80
47.00
46.50
1.40
0.80
1.60
7.70
12.80
32.10
48.50
3.20
45.70
38.50
25.50
3.40
29.90
26.90
37.80
47.30
48.90
23.70
3.20
38.90
42.90
20.10
17.60
35.50
37.30
15.50
7.70
12.10
47.60
19.90
39.60
40.00
36.10
3.90
31.20
3.20
36.00
36.60
8.20
16.30
24.10
34.10
17.90
48.90
19.40
43.90
7.40
9.40
20.70
44.30
28.80
19.70
49.80
30.10
26.40
45.50
39.20
9.50
36.00
36.00
10.80
17.20
0.00
15.50
15.50
1.20
25.00
31.00
3.90
4.10
24.30
45.80
40.90
3.90
27.10
9.40
34.50
13.10
6.20
39.60
38.90
9.20
45.80
22.10
27.70
0.50
11.80
15.60
27.10
31.40
9.00
30.50
32.70
15.90
47.30
1.00
17.70
45.50
49.40
27.40
37.80
15.90
42.40
13.60
11.00
35.60
25.30
43.20
43.80
32.30
44.20
39.70
42.10
22.70
9.30
12.10
0.40
44.20
41.70
48.20
20.20
13.70
37.90
0.70
27.90
12.10
12.30
18.20
47.20
34.60
24.00
5.60
46.30
31.70
18.30
19.80
7.50
45.40
41.40
44.80
4.10
4.10
5.30
17.10
2.20
28.50
45.40
36.10
46.90
22.40
14.40
35.90
47.30
41.30
43.00
3.50
1.10
1.60
18.80
7.50
20.70
43.30
7.20
38.60
0.30
0.20
28.20
39.20
4.80
42.10
21.70
26.30
32.00
34.80
32.00
25.70
28.00
3.60
38.40
1.90
25.40
34.50
5.00
46.10
49.00
11.80
12.20
2.20
19.80
28.60
26.00
13.30
17.30
12.40
13.60
16.60
9.00
4.30
16.20
31.90
18.30
21.70
15.90
14.50
2.20
3.40
47.30
8.60
14.60
45.40
13.60
31.80
9.60
7.20
6.00
40.00
34.40
27.10
13.60
37.60
20.90
37.20
33.40
17.50
19.20
49.90
23.90
26.70
17.90
23.60
17.00
45.60
18.00
30.70
22.10
19.40
20.60
47.00
28.20
39.90
42.10
6.40
46.70
43.10
26.50
20.70
1.10
10.60
35.80
32.10
37.70
0.40
8.00
45.80
1.90
6.10
48.80
30.50
1.10
21.40
6.90
15.80
48.70
23.10
33.60
43.20
47.10
10.90
46.90
28.20
28.20
12.90
14.30
17.10
27.70
6.40
4.20
43.50
4.50
37.00
31.70
11.90
24.60
39.90
8.10
32.80
15.30
22.50
5.50
39.60
33.70
15.50
12.90
28.70
16.20
34.80
15.30
9.30
33.00
4.30
42.80
24.80
14.90
22.50
7.10
7.50
45.90
44.70
0.40
38.30
41.90
9.00
35.20
19.70
9.90
48.50
16.80
25.50
36.30
43.80
8.20
12.20
25.40
32.20
4.10
10.40
9.90
18.90
23.10
7.80
12.20
29.40
34.10
46.50
13.70
23.40
2.00
12.70
6.90
31.80
3.80
6.20
43.40
4.90
23.60
18.50
39.60
39.70
20.70
28.80
27.10
48.10
29.40
49.30
9.70
47.20
8.10
2.40
30.80
43.50
0.20
31.90
43.30
9.10
25.40
23.30
35.50
44.00
12.00
22.50
26.50
48.50
16.60
45.90
44.10
48.30
40.50
3.10
35.80
48.10
7.10
32.20
2.10
36.30
31.40
14.80
18.80
49.30
35.90
12.80
31.40
35.40
0.50
11.60
20.80
9.40
7.30
42.80
28.70
3.90
41.00
1.10
11.50
15.00
6.40
39.70
20.60
26.80
8.70
41.30
15.20
41.80
6.60
9.30
41.00
39.50
37.50
23.50
46.70
49.50
35.70
5.00
27.60
39.10
20.30
8.70
13.10
5.40
27.10
37.00
5.10
45.80
10.70
45.80
27.10
32.50
22.50
12.40
33.50
4.80
9.10
29.70
23.00
11.50
14.70
37.20
10.60
39.60
25.20
32.50
19.10
31.20
11.50
13.50
42.80
13.50
23.00
3.30
14.00
5.80
40.50
18.30
47.90
31.10
41.60
7.10
47.70
22.90
6.90
32.40
45.20
33.20
4.30
18.70
49.70
17.80
47.10
0.00
12.70
41.10
9.40
30.40
2.20
44.20
22.10
25.70
35.40
38.20
28.10
44.20
4.20
29.00
1.60
14.40
2.00
19.10
32.70
16.30
25.20
44.70
42.50
40.30
0.30
17.60
29.40
17.50
46.40
2.90
18.90
47.70
8.00
17.70
30.70
35.20
8.90
30.40
6.70
20.00
19.80
9.30
10.40
4.30
6.70
19.70
18.60
3.90
24.10
34.40
35.90
45.00
10.20
19.60
49.90
32.10
14.20
48.50
32.60
9.70
10.40
43.20
36.30
6.80
10.00
45.60
41.80
45.40
14.90
25.20
2.10
14.80
24.60
18.00
20.30
7.80
28.00
28.50
40.10
42.60
6.30
10.60
8.60
28.50
43.30
20.50
13.40
6.90
28.70
43.00
8.80
19.70
28.00
25.90
26.00
38.70
41.90
45.10
40.60
11.40
21.80
40.40
6.80
9.90
31.50
13.00
18.40
41.20
4.30
11.20
11.50
48.20
44.80
19.70
11.00
35.70
2.90
7.50
45.10
16.00
41.60
8.00
9.20
8.10
31.30
22.00
4.50
4.20
34.30
9.90
44.70
4.10
42.30
20.00
12.40
48.40
31.80
39.00
2.40
0.10
44.90
18.20
24.30
31.40
48.00
28.10
24.60
42.00
13.00
28.30
31.60
23.90
43.00
19.10
36.00
45.30
45.20
45.00
20.40
48.30
8.70
28.50
47.90
12.00
29.20
30.20
49.70
14.00
4.90
14.80
37.10
19.30
22.00
31.00
5.80
6.90
37.40
7.00
1.20
32.30
4.70
17.40
48.10
16.70
18.40
41.40
38.30
15.90
42.20
41.90
3.90
46.60
17.60
17.60
23.80
31.20
4.30
2.60
8.90
38.50
37.60
0.20
11.10
23.80
28.80
19.80
35.30
20.20
34.40
21.40
4.40
29.80
38.90
45.30
28.70
45.50
37.10
34.70
29.80
1.10
31.60
5.20
33.90
4.60
14.20
39.00
0.30
37.20
47.00
32.70
46.70
32.70
26.50
16.50
14.80
35.40
4.30
18.50
49.80
48.20
33.00
6.40
16.00
25.50
7.90
24.50
20.50
39.50
35.20
42.10
1.10
32.70
26.60
17.40
47.70
31.20
0.10
16.90
46.30
18.60
7.80
29.20
6.50
5.40
44.80
15.70
27.30
22.40
23.20
9.00
36.40
49.30
42.50
27.70
48.80
19.10
43.70
36.30
22.50
5.40
8.10
30.70
12.70
39.60
32.20
38.40
12.30
29.50
5.20
23.20
36.80
33.50
22.40
29.60
44.50
49.70
21.30
18.00
26.30
37.70
16.40
33.30
10.50
43.20
3.10
40.40
16.90
38.10
0.30
8.00
43.50
3.10
18.60
32.50
38.10
7.10
42.20
23.40
36.60
28.50
27.50
49.30
33.90
30.70
25.30
40.90
36.00
28.50
34.50
18.40
42.90
30.50
2.30
24.80
43.10
4.10
35.00
7.70
13.20
3.10
9.10
48.70
5.40
1.80
17.50
6.70
3.10
6.10
4.80
29.70
39.60
31.50
31.80
18.10
49.30
31.80
18.50
5.80
25.00
43.50
22.30
20.30
29.40
12.80
23.90
43.60
42.10
7.30
14.10
23.50
2.10
2.40
7.00
32.50
34.90
18.10
24.20
36.30
7.60
19.20
31.20
32.60
17.90
12.10
40.10
41.70
6.20
38.60
42.30
44.10
22.20
18.30
13.80
25.20
27.90
11.30
20.30
32.90
40.90
0.50
29.00
8.00
36.30
39.60
17.30
17.10
46.70
47.20
20.90
34.80
49.10
23.70
38.80
28.80
25.80
19.40
19.30
27.90
17.90
22.60
49.20
27.00
18.30
39.30
1.40
46.00
32.20
2.40
48.50
19.00
22.20
0.60
37.00
19.20
28.20
20.30
21.90
29.00
6.30
41.80
10.60
44.60
27.00
24.80
35.60
47.20
5.80
27.50
4.20
4.40
46.60
38.00
39.50
36.10
36.90
6.80
49.70
35.00
23.00
37.10
10.80
4.90
9.20
33.90
46.50
24.70
32.80
16.10
48.80
21.70
18.20
15.80
11.90
35.40
34.40
25.20
47.70
16.10
1.90
14.80
5.30
9.70
13.50
4.60
14.20
39.70
33.30
41.40
47.10
43.60
43.70
45.60
29.60
17.10
21.50
42.40
35.90
35.00
25.00
32.70
47.20
47.60
30.00
31.10
44.80
44.50
10.10
1.20
44.10
39.30
28.90
1.70
27.10
26.40
36.60
49.40
20.80
33.30
26.40
10.40
46.30
22.30
13.90
44.30
19.30
18.70
18.20
20.40
30.00
3.70
22.90
15.20
17.90
35.40
45.60
41.10
19.60
44.60
25.10
38.30
22.90
6.30
34.50
17.60
17.50
16.70
37.80
39.80
43.50
5.40
29.40
8.60
45.90
23.40
14.90
24.90
39.80
36.50
47.10
41.90
34.60
1.50
49.90
22.30
14.10
18.10
12.10
43.50
12.20
4.20
12.70
48.40
46.10
16.80
25.00
7.20
42.10
36.80
3.60
6.30
49.90
48.70
46.30
28.60
34.00
48.70
6.20
4.10
34.90
26.00
10.90
31.20
24.80
38.40
44.60
1.20
24.70
36.20
33.80
24.10
28.30
25.30
12.40
2.40
7.60
3.30
41.70
5.40
41.80
27.70
22.40
14.50
41.60
7.10
0.70
25.60
41.10
7.80
39.80
47.60
35.80
27.10
3.50
38.00
10.90
9.90
41.80
49.40
27.40
44.10
48.30
13.30
36.80
46.90
0.10
45.90
48.10
43.40
17.10
4.40
42.70
49.00
30.70
15.80
15.50
19.90
47.50
44.50
9.60
1.60
8.70
33.80
13.50
43.30
23.80
15.00
10.60
35.80
12.40
30.60
0.60
10.80
6.80
8.80
19.60
22.50
14.10
11.20
35.00
28.60
35.60
17.00
6.40
1.50
17.80
42.00
2.30
15.20
46.30
31.60
17.20
17.60
2.20
36.40
20.80
25.00
22.50
18.20
33.40
38.40
7.20
29.40
46.30
17.20
24.10
43.70
8.50
47.50
21.30
0.10
13.30
41.30
38.30
4.80
8.10
9.60
11.30
44.50
37.00
5.50
35.10
27.60
15.30
1.20
3.80
27.90
40.20
2.30
45.40
20.30
6.40
43.30
7.20
44.50
10.30
9.00
37.00
25.10
38.80
29.30
12.40
5.60
47.90
37.90
28.20
19.60
20.90
23.10
43.20
47.00
0.90
36.60
43.90
10.00
26.00
7.50
34.30
41.60
6.90
13.00
13.20
3.20
4.60
32.80
10.60
27.70
39.40
37.70
29.30
42.80
1.60
30.30
34.50
10.30
23.40
30.80
12.20
4.30
20.30
47.50
21.40
12.40
22.90
5.00
25.90
8.40
49.70
45.10
47.70
14.70
23.50
4.50
24.50
26.70
28.70
29.30
33.80
24.30
33.20
29.00
46.40
4.80
30.00
40.00
2.50
7.30
13.60
7.60
28.60
21.50
26.20
18.70
44.00
10.80
47.20
33.90
17.30
34.90
9.40
17.40
1.90
27.10
9.90
23.90
0.80
15.80
19.80
2.20
24.40
3.90
13.50
27.30
30.10
19.90
21.40
40.00
40.70
17.00
0.10
46.50
27.40
12.20
19.20
15.00
2.00
14.30
11.90
33.00
17.00
18.90
11.20
30.40
7.80
31.00
21.40
15.70
3.30
41.80
16.80
49.90
2.40
32.80
47.50
33.20
31.20
11.10
33.60
17.30
1.70
25.40
19.30
29.10
32.10
26.20
48.20
0.40
1.00
11.80
43.00
7.80
45.80
36.50
46.90
7.40
48.70
48.90
2.90
31.20
6.70
23.10
49.10
31.40
23.90
7.00
39.80
12.20
24.80
25.80
43.00
7.00
15.60
15.10
34.30
42.30
30.90
49.50
17.50
14.90
0.70
39.70
26.60
11.80
38.20
38.90
24.80
0.20
35.00
7.40
26.90
35.30
17.10
26.40
38.90
3.20
38.00
13.20
35.10
13.70
17.60
46.30
32.60
1.20
30.70
9.70
49.30
36.80
10.70
18.80
15.60
22.40
33.70
37.20
45.30
29.10
9.50
46.70
5.30
19.30
26.70
27.20
34.70
39.10
46.10
13.00
0.50
0.40
18.60
29.60
42.00
0.30
2.60
14.70
37.40
15.10
9.20
15.00
40.10
41.50
12.40
19.00
42.30
22.50
12.70
37.20
23.80
26.30
14.60
5.80
14.40
41.80
41.20
38.60
36.10
32.20
0.90
19.90
21.00
46.00
22.10
40.50
19.20
14.40
39.10
0.50
3.60
14.00
20.60
33.50
21.50
48.80
35.50
13.80
22.00
9.10
49.90
4.70
29.70
45.10
49.70
8.90
14.40
46.80
47.30
0.80
13.30
19.20
41.80
15.00
8.30
28.20
16.90
17.70
21.20
33.10
45.80
29.70
2.30
16.50
42.10
27.90
30.50
37.00
37.60
48.50
13.10
16.50
24.20
38.70
25.90
23.10
36.20
23.40
2.10
10.50
48.10
42.80
4.30
30.10
37.80
23.60
31.10
31.50
24.70
25.50
39.90
22.90
34.40
9.10
0.00
43.90
24.90
0.60
35.60
2.10
45.80
41.30
43.30
14.00
37.30
45.20
39.00
22.10
26.60
39.10
16.90
17.40
30.70
26.10
41.60
34.10
19.60
27.20
27.20
22.60
12.90
8.40
44.80
7.70
40.40
30.90
26.10
0.20
45.50
14.50
26.90
33.10
46.60
26.70
24.00
27.30
42.70
48.70
6.00
23.80
23.60
32.10
18.30
8.20
32.90
30.10
28.20
4.20
44.10
38.10
39.10
40.70
43.30
29.10
39.00
18.50
3.40
39.50
48.70
15.80
2.90
9.40
32.40
8.90
27.00
45.80
13.40
49.20
34.20
11.30
23.40
9.40
22.20
15.60
47.40
3.10
8.60
29.80
15.30
6.00
28.90
39.00
45.70
45.00
16.60
34.60
24.20
20.90
4.00
20.40
12.90
21.20
2.80
27.80
0.10
22.30
35.90
34.40
4.50
19.70
23.80
1.60
7.20
48.50
2.50
18.90
38.60
38.30
18.50
43.00
36.40
40.40
25.60
24.00
20.60
35.80
5.30
1.10
1.70
33.00
12.10
35.20
7.80
29.80
3.70
0.20
19.50
1.40
2.20
45.80
34.90
3.20
23.50
21.80
34.10
10.50
0.90
24.80
5.60
0.30
33.40
32.50
23.80
13.90
6.90
11.20
38.70
13.50
23.50
35.80
11.70
31.70
5.60
47.90
22.90
4.90
21.40
20.60
15.10
8.80
34.00
0.60
9.70
2.60
37.30
44.40
10.90
0.50
37.10
6.10
43.60
9.60
15.90
38.40
26.30
44.30
13.50
30.00
31.40
11.10
2.20
48.40
37.00
39.90
11.70
48.90
8.90
33.90
18.40
36.50
2.20
27.40
47.30
7.80
22.20
23.20
35.70
44.10
38.80
5.70
10.40
42.60
5.40
12.50
42.40
29.10
5.30
48.30
48.60
35.40
39.10
31.70
41.80
21.10
28.60
17.80
38.40
20.50
40.50
32.10
49.30
41.60
27.40
18.20
3.80
40.40
17.10
36.80
12.30
7.30
16.10
0.10
6.10
3.30
6.40
34.40
36.50
44.00
6.80
19.10
16.90
14.70
47.10
1.60
5.80
8.30
48.50
20.50
8.60
26.60
36.60
9.40
32.30
34.10
35.70
48.10
18.10
7.40
49.60
25.30
18.10
48.50
49.70
29.20
39.50
33.90
22.90
6.70
41.60
31.20
42.00
6.90
4.20
24.20
43.60
11.30
9.70
27.00
44.30
6.90
0.30
19.00
23.80
23.30
22.40
22.70
2.80
7.50
42.90
21.80
46.10
22.40
5.10
4.30
29.50
42.40
40.10
48.50
46.90
2.40
44.60
13.40
32.40
21.90
34.30
7.40
43.50
21.80
26.50
37.50
46.20
14.20
30.80
45.50
25.10
22.30
15.80
18.60
29.40
24.40
28.90
18.10
22.00
45.30
45.80
44.70
24.80
19.70
21.10
11.20
16.60
40.00
17.90
20.00
30.40
5.10
2.10
1.90
48.60
31.40
1.40
36.60
24.90
15.80
31.30
16.70
31.40
28.80
24.60
24.80
29.70
16.20
24.60
14.20
3.30
42.00
16.60
41.30
44.70
17.90
0.60
40.70
49.00
12.80
8.90
43.00
12.30
16.70
7.60
28.70
21.40
18.90
29.80
41.00
8.80
35.70
6.20
35.90
19.00
32.30
49.40
28.60
43.00
31.30
19.40
37.80
43.20
8.60
5.90
3.00
13.00
0.10
12.60
19.10
39.90
44.10
24.20
32.70
4.50
31.10
18.00
5.30
41.70
9.80
13.00
43.30
33.90
40.30
12.90
41.90
27.20
17.10
16.60
12.10
22.10
40.20
25.70
21.10
28.50
4.90
21.30
5.40
22.90
20.90
45.20
2.20
48.00
14.80
2.00
41.90
36.60
7.70
12.00
1.90
5.20
40.30
44.00
12.20
34.60
29.20
0.90
16.50
42.60
36.30
47.40
16.10
49.90
37.30
22.20
30.60
32.00
20.60
15.80
43.60
27.20
31.60
38.10
11.50
38.40
35.40
44.80
15.30
1.10
19.40
26.10
9.40
38.80
6.50
26.10
11.00
34.80
37.90
10.10
45.00
1.90
1.90
49.70
26.90
11.50
29.50
37.50
44.50
41.90
24.80
48.10
17.00
37.90
3.30
31.80
43.90
33.50
29.30
28.00
36.60
26.20
28.50
30.90
38.10
21.60
21.70
14.80
30.80
1.60
26.50
6.20
33.60
9.70
17.20
30.70
36.50
20.90
29.00
2.50
9.00
35.50
3.50
5.80
26.30
8.30
47.90
21.00
15.70
4.10
20.20
44.60
16.30
13.10
49.90
37.10
44.80
16.30
20.60
45.10
43.90
25.20
12.00
19.70
28.50
24.90
43.40
3.10
49.60
16.40
4.60
0.50
21.20
26.10
0.50
8.70
24.60
13.80
12.40
12.30
15.40
12.10
12.10
32.00
15.80
20.00
33.90
10.00
23.80
16.90
31.70
46.50
16.60
44.00
39.40
5.60
11.30
21.60
9.10
48.40
40.50
11.00
31.10
4.40
30.50
25.60
32.20
17.30
30.10
36.20
9.70
33.40
3.10
2.50
25.10
3.40
27.00
30.00
11.70
21.10
36.00
42.60
6.40
5.10
15.40
6.60
5.90
43.40
34.20
25.80
17.40
23.10
39.70
42.50
44.80
44.20
6.10
9.90
47.20
35.80
46.10
45.90
46.10
38.10
29.00
28.20
39.40
15.30
27.60
37.10
10.60
19.10
10.10
16.80
26.00
23.00
33.60
26.60
9.80
23.80
12.10
30.70
39.50
21.70
25.10
30.30
9.60
16.00
0.30
34.80
22.90
17.50
47.40
14.00
49.60
18.40
33.60
28.00
47.60
13.50
26.30
32.10
16.10
49.90
9.20
16.60
22.50
42.60
8.20
40.60
35.50
7.20
32.70
17.10
16.90
48.20
48.00
42.40
27.90
47.40
39.90
47.60
36.30
27.70
7.70
13.00
28.90
26.70
14.60
3.90
26.00
47.20
11.80
25.40
15.60
42.60
19.30
17.40
39.60
19.10
4.30
11.60
16.50
29.60
24.20
44.80
15.00
33.10
47.00
40.80
27.10
27.00
46.00
34.30
44.30
34.80
31.90
23.00
8.20
0.80
38.10
9.00
13.80
44.00
40.00
34.00
3.70
43.70
29.80
15.60
21.50
42.20
16.30
28.80
19.60
49.00
13.70
32.40
31.90
28.10
29.00
21.20
8.20
19.30
49.50
16.90
26.50
40.10
23.40
35.80
44.80
33.20
48.40
22.60
43.30
45.00
6.00
34.40
33.00
3.00
39.60
40.40
49.40
8.30
23.50
42.80
7.70
25.50
37.60
33.80
29.50
17.80
4.10
7.10
0.30
16.00
24.60
13.40
15.60
19.50
39.10
25.00
10.10
27.10
18.20
46.70
10.10
31.40
37.20
42.20
34.80
0.80
25.00
2.40
11.80
35.80
35.20
21.40
21.40
8.20
16.70
45.80
37.40
26.40
37.70
38.30
30.40
17.50
19.30
41.60
9.40
31.40
40.40
20.40
19.10
41.00
13.00
32.90
38.60
1.40
3.20
26.10
22.80
39.30
8.80
18.20
13.30
30.00
27.00
36.50
13.70
26.40
15.60
30.60
20.80
41.60
48.50
45.80
29.00
25.60
7.60
28.40
35.60
30.40
38.20
24.90
3.40
20.20
7.60
16.90
46.70
24.50
18.50
13.60
20.90
1.20
16.90
12.90
3.10
45.40
45.70
38.30
8.20
26.20
49.80
46.00
47.60
36.30
24.20
24.20
23.00
34.60
44.50
29.20
27.30
8.50
16.70
0.60
16.70
13.50
20.70
6.40
46.80
0.20
10.60
2.70
46.90
25.70
1.10
40.30
41.70
17.90
45.30
22.40
38.00
24.10
11.20
2.20
15.20
31.60
19.00
18.60
41.70
28.80
39.90
20.60
44.60
28.90
32.90
47.70
43.40
41.70
29.80
32.70
40.60
18.80
22.90
40.20
31.30
21.50
49.20
29.30
18.60
30.10
27.40
12.90
23.20
18.20
15.10
30.90
23.10
38.90
3.50
3.60
0.60
14.70
1.80
1.00
43.30
22.70
30.20
42.80
39.50
39.40
23.10
29.80
12.30
15.80
46.30
44.70
42.20
17.40
17.80
20.50
44.80
10.00
27.70
39.10
33.50
35.80
18.90
44.30
24.60
46.80
12.00
1.90
21.60
39.10
25.60
44.20
2.50
45.40
23.30
28.10
23.40
25.30
17.70
35.90
40.90
16.30
6.30
25.20
30.50
17.40
21.80
8.00
11.60
34.20
19.90
40.20
44.10
6.60
5.30
12.20
8.00
6.70
3.50
47.40
41.60
47.30
47.60
26.50
27.80
33.30
4.30
33.50
33.60
1.30
18.60
16.80
43.40
19.70
6.20
48.40
21.60
24.00
8.30
20.50
46.40
20.30
49.90
11.50
49.90
2.50
25.70
45.00
8.40
13.70
9.50
16.00
42.60
3.50
22.80
18.90
21.50
26.90
49.00
20.50
45.20
41.80
2.40
40.00
39.50
31.70
35.70
44.50
11.00
11.80
20.30
14.10
40.30
1.50
5.10
46.40
13.10
42.20
43.60
24.50
12.50
43.40
45.20
39.60
22.80
11.80
37.30
40.40
11.00
44.70
36.80
14.90
17.10
23.60
30.90
43.60
5.70
2.10
32.40
13.30
28.70
48.70
29.70
29.90
24.70
18.70
39.10
33.70
5.70
40.30
44.90
45.10
30.90
15.80
24.30
18.90
2.10
33.20
44.50
23.50
2.40
9.20
18.50
14.90
39.50
1.60
26.80
22.60
27.20
36.10
5.40
9.50
0.10
26.70
30.70
3.20
28.90
18.60
45.40
19.20
14.70
25.80
15.50
4.20
12.70
47.50
28.70
35.10
9.70
18.40
13.50
29.90
24.70
23.40
31.90
20.80
27.70
34.90
33.70
23.20
33.70
10.10
41.90
40.20
43.20
3.20
8.00
48.90
36.20
18.90
37.10
3.20
35.50
14.50
13.10
46.80
14.20
44.50
1.10
12.20
42.90
5.60
13.50
39.90
16.20
45.50
3.70
17.70
32.40
29.80
23.30
24.40
14.60
1.50
32.80
12.10
27.00
0.50
29.80
20.80
37.40
28.10
47.00
15.20
13.10
37.80
49.20
2.40
7.70
16.40
16.20
42.30
25.50
47.30
11.70
10.40
8.30
22.50
16.10
46.50
6.90
23.60
5.20
44.70
44.40
11.00
16.20
17.10
43.30
17.80
15.20
1.30
4.70
49.10
19.80
22.90
49.50
36.90
3.00
35.50
13.40
34.20
26.10
8.20
41.40
17.60
25.80
7.20
16.10
13.90
15.40
11.60
2.90
29.10
27.30
17.90
10.50
31.80
10.80
31.80
35.50
11.70
39.90
8.70
35.90
4.20
8.10
16.90
7.10
19.00
35.30
11.40
40.50
19.10
33.80
32.50
3.10
24.40
11.80
5.30
23.50
18.50
19.80
47.20
15.50
8.00
45.60
35.40
19.10
17.10
6.50
4.00
38.20
31.70
5.40
7.10
3.80
17.20
24.40
36.90
40.80
45.20
12.10
15.00
31.80
30.50
14.10
6.70
41.80
41.20
25.40
47.90
21.70
44.70
45.50
25.20
3.10
43.70
29.70
14.20
15.80
6.50
13.10
47.70
37.80
17.70
2.00
19.70
43.30
31.10
25.90
18.80
13.40
28.00
7.10
22.70
30.40
10.30
34.40
31.70
30.30
24.90
2.70
34.60
5.20
23.30
6.20
31.10
7.10
15.00
47.00
21.50
2.00
29.10
2.80
22.40
48.60
17.30
8.80
43.90
0.20
46.10
15.40
28.50
5.60
43.10
44.30
48.40
10.80
27.60
38.80
6.80
4.50
14.40
41.00
49.30
11.40
10.00
30.80
39.50
6.00
19.00
27.10
28.50
41.70
20.60
35.80
29.00
49.40
30.40
0.40
38.70
27.50
3.30
6.80
48.00
42.30
10.70
45.10
28.30
29.40
8.30
12.70
25.80
21.50
29.20
42.00
45.30
9.70
31.00
40.80
37.40
16.10
2.50
27.00
24.00
30.00
5.20
6.80
15.50
16.30
49.60
0.30
47.70
0.80
32.50
29.50
17.40
11.90
48.90
32.90
22.80
24.10
21.90
7.80
40.20
25.20
31.40
17.30
18.00
15.80
3.50
12.90
10.00
31.40
44.80
32.40
41.80
19.60
4.60
44.80
32.60
48.50
22.00
12.60
40.70
10.60
14.20
26.60
47.40
4.90
31.60
11.40
2.00
18.50
4.00
20.60
24.00
30.10
24.00
16.20
16.30
0.00
0.60
11.90
20.10
0.80
9.10
49.50
8.50
23.40
48.20
13.40
26.60
0.40
42.70
27.40
31.70
36.80
19.50
47.70
29.40
34.60
36.60
10.60
22.40
10.80
47.00
43.30
30.30
25.00
31.30
30.60
29.50
0.40
39.60
49.00
35.40
32.40
26.90
49.80
20.20
6.40
31.80
10.60
45.30
36.60
42.20
43.80
26.50
49.30
44.20
43.30
44.70
0.30
22.50
45.70
42.30
43.50
14.80
40.60
31.50
17.60
11.20
1.20
6.60
14.00
49.80
38.80
42.00
21.50
26.80
24.10
47.20
11.90
32.00
16.80
4.00
40.10
11.40
48.60
2.70
26.60
14.20
35.40
27.60
20.40
19.30
19.50
21.90
30.80
30.90
2.20
9.80
3.70
15.20
14.50
39.70
37.10
15.00
10.90
38.90
28.90
19.40
15.20
12.60
46.30
20.00
3.80
26.40
16.00
47.50
49.70
25.90
45.20
15.50
8.30
48.60
15.00
27.50
46.80
45.40
23.00
36.50
8.80
43.20
12.90
2.00
9.20
16.40
39.20
13.60
16.40
44.80
8.30
25.40
48.40
35.00
30.00
6.40
37.30
5.50
8.10
44.20
38.40
36.80
6.10
49.30
16.20
13.10
29.00
14.00
17.20
28.00
28.90
21.90
30.50
33.80
12.80
33.40
21.80
15.90
8.50
44.60
17.40
16.80
10.90
46.60
3.30
46.00
35.30
14.50
26.10
9.20
4.80
8.80
8.90
14.50
29.10
24.00
27.20
18.80
45.50
33.80
39.80
0.30
34.60
27.20
49.60
6.90
42.60
43.80
15.20
16.50
41.00
28.50
31.00
17.50
9.30
36.20
31.20
41.20
14.80
6.40
26.80
40.00
4.00
19.20
5.30
24.50
4.20
23.00
13.50
1.80
7.40
40.00
27.90
49.20
26.10
1.70
15.80
24.10
0.80
30.90
39.20
12.70
17.40
27.50
30.90
8.50
45.40
27.40
33.40
48.60
21.60
1.30
24.80
47.20
35.70
43.30
0.10
48.30
46.50
19.40
6.90
33.80
38.20
40.60
41.60
13.00
0.20
45.50
15.40
19.40
35.30
29.20
30.40
38.00
48.60
41.10
28.40
15.70
2.60
16.70
39.90
31.10
30.50
8.20
18.60
9.90
39.20
39.10
33.00
27.40
9.60
36.40
35.30
28.00
15.80
26.10
39.80
8.90
42.10
9.90
7.10
19.20
7.00
9.50
43.20
38.00
12.20
38.40
41.20
41.00
25.10
9.10
24.20
8.20
26.90
42.80
24.40
34.30
49.60
3.20
45.80
23.10
38.30
43.60
19.30
37.40
24.10
21.10
0.00
16.50
41.80
46.80
17.40
37.40
3.10
15.20
43.00
42.10
43.20
1.50
24.60
10.40
3.50
28.60
31.00
8.80
1.70
39.80
21.00
44.70
30.90
26.10
39.00
44.10
9.90
19.50
49.80
46.80
38.50
20.10
46.40
36.20
13.20
41.30
43.40
21.80
13.80
8.40
19.50
18.90
3.40
33.00
36.30
0.40
20.10
2.10
19.50
9.90
24.10
40.50
0.10
7.40
33.10
26.50
0.60
3.80
7.80
5.70
13.80
22.50
19.30
47.80
7.00
12.80
5.00
7.10
38.70
39.70
27.30
21.50
38.40
16.00
32.60
9.40
4.80
12.20
0.80
7.50
36.60
18.60
39.00
40.70
46.70
4.10
1.30
3.50
1.00
16.30
8.10
4.90
28.30
39.00
0.40
41.50
12.50
6.90
22.50
15.40
37.90
11.50
49.00
12.50
49.00
35.40
14.40
31.80
35.30
43.60
19.40
16.70
23.00
19.90
29.90
14.10
43.10
15.90
36.20
6.90
11.90
27.10
37.10
27.00
35.30
1.50
16.50
9.90
39.60
10.20
14.60
40.40
39.30
32.80
34.50
19.30
35.00
23.30
34.50
17.30
27.20
5.30
21.30
8.70
5.20
16.70
32.70
46.70
38.20
39.20
14.90
40.90
25.30
28.30
16.20
10.90
19.10
35.80
40.30
48.50
32.70
21.80
46.30
32.30
19.30
40.50
47.30
45.00
11.50
11.50
29.50
33.70
27.90
0.90
16.90
36.00
33.50
44.70
30.70
6.90
30.60
45.80
13.90
8.60
30.90
37.50
38.50
36.30
33.90
45.40
8.00
49.60
17.40
22.60
13.50
17.90
13.40
22.50
49.00
33.60
16.30
29.00
45.10
31.90
7.90
30.50
3.60
2.60
21.70
41.10
45.20
20.90
40.90
16.60
47.40
49.50
38.80
17.30
47.00
23.40
10.10
14.50
48.70
8.60
24.20
48.10
13.80
36.60
32.40
42.80
8.60
6.50
33.00
39.00
24.70
18.70
43.10
8.10
26.20
36.00
18.40
40.00
12.40
23.80
36.00
30.70
13.90
9.20
36.90
25.00
16.20
16.50
12.90
1.90
15.80
11.10
10.80
32.10
1.70
40.30
32.10
46.30
49.10
26.70
6.80
7.70
6.60
43.10
48.40
4.30
1.90
14.50
22.50
20.80
34.10
23.30
28.50
7.20
19.20
33.30
29.20
0.70
22.00
23.90
4.30
10.70
13.00
15.30
41.10
3.40
30.20
21.60
47.40
35.30
34.70
2.00
39.30
2.60
39.60
17.30
23.10
21.10
25.90
39.90
15.90
0.10
16.40
27.80
17.80
32.50
48.70
5.80
35.50
18.20
39.30
32.10
32.40
47.30
17.10
40.40
1.20
43.50
3.50
26.20
36.60
11.30
25.80
1.10
5.60
9.10
25.60
9.80
8.90
28.10
49.30
25.60
34.90
3.20
1.30
14.70
10.00
5.10
32.60
42.50
2.90
48.50
27.70
46.10
29.80
9.90
29.70
7.40
24.60
25.50
5.50
9.20
17.90
12.40
35.50
26.80
20.60
48.00
21.50
44.80
32.70
10.50
49.80
22.60
32.90
4.40
9.10
17.00
44.30
8.60
11.00
22.10
43.80
3.30
39.20
44.80
39.90
9.40
43.70
39.10
39.40
36.90
18.80
17.60
2.00
28.50
42.60
36.70
23.50
29.10
48.40
15.70
26.40
25.60
45.70
25.70
30.70
37.30
27.40
8.80
9.80
32.20
19.10
32.00
18.50
4.40
45.00
6.00
29.20
14.10
13.60
24.90
8.10
31.60
37.90
22.30
39.70
12.80
36.80
30.20
8.40
20.70
18.70
15.50
39.10
45.10
30.80
35.00
37.00
18.00
18.40
36.70
12.70
36.90
45.40
3.60
0.00
0.80
33.40
48.90
34.10
27.90
22.20
39.60
13.20
0.00
0.00
27.20
8.70
49.80
1.20
24.20
28.60
1.10
7.70
21.90
4.00
29.60
3.30
35.50
33.40
43.50
28.40
27.40
27.40
47.40
42.90
35.70
14.60
36.30
43.40
46.40
43.70
16.30
2.30
19.00
45.70
4.20
2.20
11.40
47.50
46.60
30.20
29.50
48.10
43.30
17.30
39.60
15.90
31.10
37.00
29.60
14.20
8.40
2.30
29.70
39.80