Fortaleza - Temperaturas:
33.30
36.70
23.00
24.20
15.10
39.90
33.80
9.60
26.50
24.90
4.60
10.00
18.20
32.00
0.60
2.70
1.40
17.80
14.30
15.90
32.80
21.30
12.90
33.90
8.10
28.90
18.90
5.10
0.10
25.20
6.70
11.40
27.10
28.90
8.20
28.60
35.50
10.30
41.90
47.10
7.00
9.80
28.70
26.40
25.10
31.00
3.10
33.40
38.60
7.20
16.80
3.40
24.10
38.40
38.40
40.80
2.60
42.00
32.30
10.20
37.30
4.80
46.90
45.00
40.70
6.90
23.80
29.90
14.80
20.10
23.70
41.50
15.20
30.00
0.50
48.50
12.20
1.30
33.40
48.60
47.30
18.20
17.60
47.40
21.40
2.50
30.20
27.80
25.60
22.20
44.40
29.10
18.70
7.70
29.70
33.20
2.10
28.50
38.30
10.60
39.00
43.00
22.30
15.00
30.30
29.70
6.80
32.20
49.60
21.30
2.50
48.50
15.40
15.40
45.10
14.60
5.50
11.90
12.40
43.30
2.30
13.30
18.20
27.50
18.80
45.50
15.80
28.20
38.30
47.70
40.90
16.10
44.90
18.20
4.60
30.20
12.10
49.60
27.00
21.30
8.80
11.60
32.90
42.30
38.30
38.10
39.30
13.70
27.90
10.40
6.10
48.40
26.10
43.90
19.60
23.60
20.90
0.80
35.30
20.20
34.40
18.60
44.00
21.00
16.20
0.20
46.50
31.90
18.90
41.60
34.30
41.40
9.30
44.80
9.30
18.80
1.30
31.50
19.40
23.50
28.70
28.30
23.70
33.70
31.10
40.90
15.90
48.10
17.40
25.00
38.40
23.50
5.60
28.50
3.30
31.10
7.10
33.10
8.80
45.20
16.00
7.20
42.20
6.30
23.10
23.60
30.10
45.10
41.90
16.10
25.50
44.00
31.40
16.50
14.30
22.20
17.90
12.30
27.10
43.30
35.70
39.80
29.50
4.60
0.80
42.10
18.30
28.50
43.50
4.30
24.30
0.10
0.90
30.10
46.10
17.80
48.50
8.80
27.40
30.30
8.00
35.50
24.80
21.80
19.90
16.90
16.70
13.70
34.60
15.50
13.50
10.10
16.20
43.00
3.70
16.00
24.70
25.00
24.60
8.20
15.00
15.70
32.50
18.80
6.50
23.40
37.70
24.00
43.30
32.60
24.10
47.90
9.50
45.40
12.60
37.00
7.00
48.40
16.70
12.50
39.40
47.70
34.00
9.60
1.50
15.60
0.00
2.80
27.80
17.80
4.00
13.70
30.80
34.80
1.20
17.50
1.40
36.60
26.10
20.10
41.60
39.60
47.10
37.00
21.80
46.10
7.70
14.70
26.00
44.90
30.60
43.20
17.60
42.80
44.10
25.70
8.40
3.40
44.10
32.10
20.50
18.10
15.80
18.70
9.80
19.90
30.00
36.80
44.70
10.30
40.40
32.70
5.70
44.90
20.70
1.80
26.60
1.70
38.60
23.70
3.70
28.70
0.30
46.60
14.10
22.20
15.10
8.50
34.10
45.90
0.50
24.70
4.80
28.00
38.90
27.90
33.70
19.50
16.70
47.40
12.50
44.20
1.80
36.20
15.20
2.00
24.40
13.10
10.10
6.50
22.70
16.00
45.10
11.70
12.50
14.60
42.10
45.70
25.00
15.90
23.50
2.80
13.30
36.10
46.30
33.80
22.10
14.20
28.60
15.00
28.80
17.80
18.10
31.30
28.10
31.00
22.00
31.40
15.50
11.40
32.70
23.60
39.80
12.20
18.90
49.00
35.80
30.70
37.50
38.60
41.90
47.00
38.60
1.80
47.50
49.50
19.00
10.50
15.00
15.00
28.70
29.80
49.70
48.60
36.40
32.30
30.40
12.40
39.00
1.60
17.50
11.80
7.00
7.80
7.10
46.80
32.00
22.00
5.60
32.20
47.40
39.20
42.20
42.50
5.50
30.70
3.50
31.30
2.70
41.60
26.70
11.40
4.10
5.10
30.30
6.70
13.40
49.80
23.00
49.70
20.90
3.90
10.20
48.30
48.70
37.30
33.70
39.70
25.30
18.30
4.80
24.40
18.10
15.80
11.50
7.90
15.00
5.60
6.30
20.80
26.60
6.60
11.20
29.80
3.50
48.40
5.50
2.60
28.80
6.00
49.80
12.00
37.10
26.20
9.60
24.70
18.00
49.80
4.00
49.20
49.80
20.10
21.40
49.20
42.60
1.30
13.80
40.10
0.10
47.80
0.20
48.10
10.40
38.50
43.10
10.20
36.20
21.80
18.90
25.90
2.10
27.00
39.50
8.10
30.00
16.70
43.70
35.70
16.70
37.30
15.60
18.30
17.10
34.30
4.80
31.70
0.90
32.00
49.80
28.10
3.90
27.60
41.40
11.00
22.20
32.40
4.90
29.40
6.40
0.80
29.20
29.30
18.40
25.20
30.80
5.50
3.50
7.00
45.90
36.50
49.70
17.70
26.70
21.50
37.30
44.20
36.90
34.30
40.90
7.60
31.30
32.80
31.60
28.40
32.00
26.20
14.30
42.80
37.20
44.20
33.50
28.40
3.70
10.60
6.20
15.10
5.50
11.70
15.70
49.80
12.80
16.50
26.80
8.30
46.80
4.30
37.50
8.50
18.20
17.50
40.30
12.50
47.80
45.80
8.10
49.90
19.90
41.10
5.80
37.10
36.50
19.30
3.30
37.70
49.60
29.30
14.30
14.60
32.90
6.10
30.10
17.20
9.00
41.80
40.50
34.70
25.80
20.40
1.70
20.20
34.70
30.10
38.00
9.10
9.40
12.20
46.40
0.50
42.30
40.10
24.10
12.70
32.20
37.00
16.00
17.00
17.90
48.30
20.80
27.80
43.80
30.20
9.40
0.70
8.10
25.30
16.50
41.20
5.20
39.40
40.90
38.60
49.40
47.50
40.70
49.20
25.00
37.50
2.80
19.70
30.10
35.50
14.20
17.60
44.80
17.60
24.10
29.90
21.00
7.10
30.30
49.20
49.50
44.40
25.30
4.30
43.60
49.80
1.00
49.60
35.30
40.90
46.60
22.00
18.60
26.10
30.80
44.40
14.80
5.40
28.90
16.60
7.30
24.20
4.50
39.10
26.70
48.50
3.90
12.80
37.10
32.00
23.80
2.20
12.20
46.20
40.40
16.30
20.80
2.00
35.30
0.30
43.20
10.90
30.80
23.50
15.80
33.90
31.80
4.20
13.20
38.40
37.70
38.00
31.20
47.70
48.10
40.00
35.60
5.50
44.70
9.60
13.30
35.30
41.90
24.70
25.50
47.80
14.80
34.50
4.80
1.10
40.60
0.30
6.60
41.40
47.30
10.90
35.00
39.90
25.10
7.30
41.00
9.30
40.80
44.10
5.20
1.80
1.80
1.40
37.90
15.90
9.80
1.20
25.80
21.70
1.30
32.60
17.00
0.50
15.80
13.70
12.40
25.30
28.90
19.30
48.80
9.10
18.00
31.70
11.60
34.80
30.00
16.50
46.60
34.90
47.50
35.60
31.70
18.50
37.70
4.40
20.90
13.70
11.30
10.20
40.00
27.60
7.30
17.10
40.60
29.50
13.60
26.70
28.40
6.10
47.10
28.20
24.60
11.80
33.70
2.90
28.60
36.70
30.60
3.60
19.20
3.70
28.30
29.60
14.00
9.90
49.00
23.20
17.30
49.50
6.40
29.30
26.20
8.90
18.70
23.60
28.40
24.20
41.50
17.70
23.30
1.90
35.70
4.80
46.90
31.30
16.90
43.70
2.80
45.60
32.50
8.30
49.00
45.20
46.70
23.40
35.40
19.30
39.90
16.90
36.40
13.40
13.60
28.70
28.00
11.00
43.40
26.10
47.20
5.50
18.40
8.20
24.00
22.90
2.00
29.10
31.90
23.90
49.50
12.60
11.70
29.80
21.80
37.10
28.30
1.80
47.40
3.10
39.90
39.30
6.80
6.90
27.30
9.80
45.40
33.40
12.70
49.30
42.10
1.30
11.00
31.50
29.10
3.30
44.30
44.80
40.30
44.00
37.60
49.70
41.30
45.30
24.30
42.60
49.00
11.90
39.70
48.00
30.20
19.00
25.60
30.10
46.10
18.40
48.80
48.50
34.80
26.50
19.00
20.00
38.50
38.70
47.70
10.00
0.00
14.90
11.50
46.60
3.00
19.30
14.40
47.90
4.70
27.40
8.40
23.50
9.90
18.10
17.70
21.40
47.10
24.60
28.90
33.60
49.30
43.30
5.40
7.90
3.50
9.50
32.90
46.50
11.40
27.50
18.90
42.00
40.40
42.10
5.70
9.80
22.90
3.60
22.40
45.70
11.30
8.10
2.70
11.80
17.60
4.50
16.40
40.00
16.50
25.40
35.40
26.40
39.50
19.80
16.40
15.00
3.30
46.60
7.80
32.30
16.50
30.20
16.70
18.90
16.10
15.20
25.70
38.80
13.70
20.90
49.30
24.90
46.10
9.80
11.30
6.00
30.10
28.10
7.60
33.80
5.30
48.60
10.20
8.90
45.80
45.40
1.00
19.70
15.10
6.80
30.00
28.90
8.30
8.30
2.40
44.70
31.80
16.80
40.80
39.90
18.80
40.60
10.50
39.50
11.90
47.90
15.10
30.90
22.10
23.90
37.60
39.20
24.60
1.50
10.70
45.70
3.70
29.40
8.10
16.70
37.80
24.00
12.80
37.40
36.20
18.10
2.60
39.50
47.90
30.50
25.10
25.10
29.90
6.60
33.00
36.70
16.40
30.10
47.00
18.20
26.20
38.10
6.90
10.80
2.50
12.90
27.40
32.50
33.70
5.80
4.80
47.90
37.00
37.20
47.50
41.80
28.20
3.30
2.20
46.30
16.70
30.80
38.20
36.80
25.80
15.10
43.50
7.90
39.00
44.00
46.50
18.90
8.20
44.10
44.70
44.90
23.30
20.00
29.90
44.80
18.50
3.20
14.70
45.50
14.70
26.50
25.90
12.50
0.50
39.80
21.10
24.50
12.60
19.00
29.00
32.20
39.50
46.00
28.30
22.70
26.30
31.10
18.00
43.50
26.50
9.10
4.50
39.50
16.30
21.40
36.90
38.20
14.80
8.60
25.90
11.40
26.50
10.90
37.70
31.40
9.60
49.80
46.80
49.30
7.90
36.00
41.30
46.50
27.40
47.10
44.70
32.50
22.50
47.80
37.30
23.50
25.70
5.00
4.30
10.70
34.10
47.10
22.80
39.30
6.90
42.80
37.80
29.40
15.70
8.40
42.10
8.60
3.90
27.00
17.30
18.20
28.80
24.40
48.10
7.80
30.60
28.70
14.00
19.30
9.60
1.50
7.50
49.30
36.80
6.30
9.50
42.10
9.20
19.40
4.80
48.20
32.40
29.90
42.30
11.80
22.00
33.50
1.90
42.90
27.70
27.10
48.30
40.90
48.40
5.20
23.00
44.30
38.10
13.80
10.30
49.10
10.80
20.90
10.50
33.40
40.20
12.20
8.30
43.90
42.70
8.30
14.60
13.60
8.00
4.70
22.70
32.20
4.40
38.00
28.80
21.40
28.10
31.60
37.10
23.70
28.50
23.50
38.20
12.60
4.70
35.90
17.70
8.00
20.50
28.60
39.40
27.70
46.60
42.30
7.20
29.40
47.90
0.20
45.80
6.70
17.30
25.40
8.60
5.20
19.00
16.50
44.80
23.60
3.70
0.30
41.50
47.40
20.10
34.80
39.70
23.40
22.10
0.80
9.10
40.00
34.20
28.40
38.20
38.20
38.50
44.30
48.10
43.50
28.40
34.50
35.70
10.20
10.10
7.90
0.00
29.80
35.50
5.00
28.00
15.70
43.60
38.60
39.30
21.20
0.00
21.30
34.00
33.70
44.20
1.10
19.70
21.70
32.70
15.60
23.10
34.20
16.10
12.70
8.10
8.10
46.30
34.80
17.50
26.90
42.40
47.20
10.00
42.00
39.90
13.10
23.60
29.20
3.60
20.20
34.70
25.20
16.30
3.50
30.60
9.30
7.40
7.90
9.00
7.40
42.70
4.00
5.50
6.70
32.80
31.00
38.20
18.70
26.50
35.90
14.40
0.30
23.20
10.90
4.00
11.20
44.80
19.50
0.90
24.30
46.10
23.00
21.60
17.00
11.80
5.10
29.70
12.80
15.10
42.90
29.40
31.10
15.70
12.40
33.90
35.50
22.50
24.10
10.70
9.50
34.20
10.50
34.20
41.80
44.40
3.30
13.20
18.00
21.20
3.20
25.90
5.30
48.30
5.00
24.00
31.80
35.40
32.30
32.10
47.70
12.20
10.70
19.50
48.10
20.00
24.00
9.40
5.20
11.70
6.10
16.20
35.60
10.00
10.00
34.00
31.40
12.50
41.90
44.40
25.50
5.40
6.00
42.30
23.50
3.80
35.80
1.20
39.70
22.10
17.70
2.40
18.30
42.20
35.70
30.30
38.80
35.30
26.50
34.00
40.90
43.40
18.10
49.90
8.00
44.40
42.30
30.80
3.90
22.10
20.40
4.20
5.40
37.90
31.80
38.30
15.20
23.30
19.70
23.40
25.50
10.80
15.70
32.30
41.40
43.10
0.00
39.00
48.20
0.60
23.90
37.20
34.40
43.60
48.90
14.50
43.90
36.00
23.70
1.90
13.10
33.70
28.30
3.80
41.00
11.80
38.60
2.80
14.10
40.60
9.10
22.10
48.50
25.80
31.60
18.60
0.80
15.50
28.00
47.00
16.10
18.20
16.40
7.80
15.60
18.50
2.70
35.70
17.30
41.50
39.60
44.00
14.10
7.60
46.60
44.60
47.90
27.10
6.20
2.80
46.50
27.50
10.70
41.00
9.10
40.20
2.80
30.60
16.00
19.40
49.60
2.20
41.30
38.10
21.20
30.40
22.40
22.10
28.10
25.50
30.50
12.30
4.80
9.40
17.00
2.90
15.80
29.90
37.90
37.60
26.00
10.00
23.00
23.00
46.70
41.40
20.50
41.40
33.80
14.40
24.10
10.50
7.10
35.60
9.00
48.20
21.40
2.50
12.60
19.50
1.20
34.30
15.80
15.80
10.20
23.60
23.60
33.00
23.70
16.70
21.30
22.30
6.10
37.60
24.40
36.40
44.30
4.80
26.00
21.90
29.40
17.00
47.20
5.00
24.40
25.70
12.20
5.20
3.10
5.10
9.50
44.50
11.30
10.60
21.90
21.00
5.60
21.30
9.50
28.70
5.70
29.70
8.70
10.20
8.70
47.50
46.40
16.20
39.30
46.10
1.00
35.10
26.90
31.00
35.80
19.50
4.70
32.80
7.10
7.20
2.80
40.70
5.50
10.60
44.80
29.90
7.40
29.90
11.60
41.00
37.60
37.70
26.30
31.70
2.40
19.40
11.90
13.10
14.30
32.70
30.60
30.90
32.20
12.90
28.20
37.60
23.90
6.00
38.30
6.30
37.80
48.00
20.90
15.40
29.20
16.00
25.10
15.90
40.00
38.10
46.30
18.70
49.40
37.40
6.20
19.80
3.50
7.20
10.80
31.00
18.60
2.10
33.30
49.60
35.00
21.70
43.00
35.20
14.80
22.00
39.70
30.30
19.10
42.70
10.60
38.30
38.30
21.70
10.70
9.60
5.90
17.10
5.90
14.50
7.20
43.90
25.60
20.20
4.80
1.50
1.50
23.00
36.10
15.00
9.70
26.20
35.00
23.70
39.90
42.00
7.90
17.80
27.60
28.00
1.50
16.80
0.10
41.10
31.60
48.30
12.30
2.10
23.80
0.20
17.60
25.80
23.20
3.10
49.60
48.30
34.70
28.70
38.30
23.30
3.90
47.10
44.90
16.10
28.30
7.00
12.50
5.70
23.50
19.30
45.00
18.70
9.40
28.10
27.30
40.40
10.40
30.90
12.20
41.40
17.40
49.40
34.40
12.40
1.70
33.50
48.70
2.40
8.10
14.70
5.70
15.10
48.60
27.60
7.40
5.00
18.10
4.50
24.50
49.10
1.80
30.00
10.20
19.80
36.60
27.30
7.20
36.40
25.30
38.40
6.40
20.30
14.60
46.50
20.40
22.50
31.50
10.60
12.30
40.00
44.00
33.00
49.00
26.80
33.20
33.20
16.90
4.40
42.00
3.40
43.10
13.80
0.00
25.60
25.60
29.30
12.40
6.30
40.00
19.70
36.10
37.60
17.70
19.00
5.30
37.40
48.10
37.20
4.20
4.00
21.20
44.80
36.50
49.80
29.50
15.50
45.30
28.40
8.00
18.80
9.70
23.50
48.90
46.10
18.20
12.50
7.10
16.90
40.10
34.80
34.80
9.00
24.80
23.60
22.50
1.80
17.10
13.70
43.80
21.20
9.90
8.20
14.60
18.10
41.90
32.10
6.80
15.80
2.70
22.20
30.30
39.30
25.70
49.80
32.40
12.80
31.40
12.40
18.60
40.20
30.30
3.20
43.00
42.80
31.10
25.50
9.80
11.50
1.40
14.90
20.60
23.40
42.80
1.60
14.40
16.20
5.60
18.10
20.40
39.90
10.50
17.80
35.60
48.20
44.40
4.40
23.70
40.50
27.40
11.70
8.40
37.00
41.90
19.20
22.00
5.20
13.90
13.60
18.40
17.10
40.10
18.80
13.50
15.00
13.20
33.90
33.60
39.40
21.90
14.30
5.20
44.00
31.00
35.30
18.70
43.40
21.80
9.70
9.90
35.50
13.70
46.00
12.10
14.30
12.10
11.40
46.10
30.10
9.60
6.20
19.40
0.80
6.90
25.70
3.10
18.80
29.90
28.30
42.40
16.70
39.80
49.90
41.80
26.90
23.30
10.80
28.60
16.30
35.50
41.10
40.00
33.40
0.40
44.10
42.50
4.10
10.30
26.20
39.40
45.10
31.30
1.10
4.60
21.00
16.30
19.70
34.90
8.10
23.50
30.00
23.20
28.60
21.60
28.30
27.90
25.10
42.30
40.20
27.20
8.80
24.90
4.30
47.60
28.00
34.00
28.50
27.50
36.30
22.40
3.00
17.30
19.90
22.40
47.00
37.10
48.40
7.50
0.30
46.40
40.10
31.80
30.20
34.80
20.70
5.10
0.90
12.10
46.30
2.30
21.20
33.20
45.40
35.40
43.60
49.30
6.20
39.00
3.10
14.30
15.80
18.90
30.70
27.70
49.80
48.50
45.90
45.90
28.90
3.70
32.70
39.10
26.30
38.90
17.50
18.80
6.00
29.90
12.20
8.80
12.50
37.30
47.70
36.70
11.90
17.00
47.10
18.30
42.50
23.60
46.90
36.50
23.30
49.20
38.00
36.60
38.00
38.40
39.60
14.10
6.20
5.80
3.00
45.00
48.40
47.70
14.40
5.90
21.10
28.80
34.20
32.80
31.90
3.80
18.10
6.30
20.80
8.10
34.20
45.80
44.70
40.70
35.80
18.80
37.30
37.30
15.30
23.50
14.90
46.70
10.30
44.10
44.30
9.30
13.10
15.10
8.20
13.60
4.20
9.80
46.10
35.70
3.20
46.40
15.20
28.40
8.90
7.00
33.50
5.40
49.80
21.70
11.80
48.80
46.40
14.10
40.20
23.00
9.10
19.40
47.50
10.20
40.30
0.30
25.40
23.80
28.20
33.30
19.50
13.20
2.50
37.90
21.20
0.40
31.20
33.30
10.90
29.20
19.30
44.30
31.90
38.20
19.00
41.40
5.70
9.80
45.70
49.00
37.00
46.50
39.00
47.70
29.10
26.30
45.70
18.20
13.10
43.20
11.30
31.90
48.30
49.10
39.90
7.30
26.60
37.70
49.50
6.90
9.10
48.60
39.70
7.60
19.70
26.90
19.80
46.40
40.50
16.30
2.00
8.00
20.90
37.30
15.30
4.00
17.40
17.60
28.00
2.00
46.70
24.60
13.40
21.30
25.80
17.00
17.50
16.90
19.20
36.20
36.70
9.10
30.00
38.40
27.50
35.20
19.30
10.70
42.90
2.00
6.90
37.50
28.90
34.40
39.70
14.20
29.30
29.00
23.60
34.00
34.00
20.00
44.20
45.60
37.80
41.50
25.50
31.30
43.60
28.10
20.80
3.20
3.20
5.20
7.50
11.50
0.90
34.50
22.30
44.00
45.50
48.40
40.00
40.90
3.40
0.50
4.80
3.10
28.00
20.10
32.30
22.20
49.20
35.60
5.30
36.00
34.50
41.60
26.20
29.60
11.20
28.50
5.80
29.80
37.40
7.30
37.40
7.30
35.00
6.80
21.80
36.40
8.30
33.40
31.10
14.70
46.90
17.80
45.80
41.30
10.20
31.10
0.60
12.10
36.70
20.30
48.30
39.70
6.90
48.30
32.70
38.70
37.30
1.30
1.30
17.80
21.70
45.60
18.50
41.40
14.90
2.80
6.80
3.80
8.60
3.70
25.40
12.60
22.20
41.30
35.60
18.40
45.90
11.00
25.20
37.90
42.50
12.00
17.60
6.40
43.50
19.80
6.60
17.70
48.20
3.60
48.40
5.20
3.80
49.70
9.90
37.30
36.50
14.20
2.40
44.90
5.30
21.50
36.00
2.80
30.10
49.70
48.20
22.60
29.70
45.40
49.60
5.70
31.10
13.70
34.80
24.20
18.70
21.80
41.00
24.20
10.40
23.60
34.80
37.30
39.60
28.90
38.90
45.30
2.90
43.80
26.30
34.70
47.40
15.50
32.50
11.80
4.20
46.10
40.00
14.70
9.70
45.20
45.20
43.50
20.60
20.00
30.20
7.20
19.40
49.00
14.20
38.40
46.30
44.70
13.80
21.30
22.00
13.00
42.60
40.20
29.70
9.50
48.20
48.20
42.20
8.40
40.60
10.30
3.80
26.60
12.20
2.90
42.80
23.70
36.20
10.30
2.80
34.60
34.60
1.20
39.00
10.60
43.80
7.90
9.00
13.30
12.20
44.50
29.00
15.80
22.80
30.80
41.90
42.20
47.20
1.60
33.20
27.90
29.60
45.70
16.50
0.10
9.30
11.80
9.70
41.10
42.90
32.60
1.20
6.90
14.30
20.00
3.60
13.40
15.70
26.90
26.90
19.70
6.60
16.20
5.30
15.80
16.00
42.50
38.30
33.20
5.80
10.70
9.90
38.90
39.00
28.00
6.70
6.90
11.80
11.40
29.80
14.50
14.50
49.60
12.20
48.90
0.10
5.50
38.50
40.50
33.30
4.80
47.90
5.30
1.30
44.90
41.10
6.40
9.20
36.90
12.10
25.20
43.60
36.20
48.20
21.40
10.50
34.30
35.20
45.20
48.00
31.10
32.10
3.60
0.80
45.80
16.20
6.10
27.40
13.50
31.60
14.90
26.10
24.80
44.90
45.40
32.00
27.40
11.90
14.40
5.40
32.70
12.10
41.40
11.60
22.90
23.20
21.40
34.00
40.00
27.30
44.60
41.50
25.70
44.20
44.70
35.80
10.20
1.60
17.80
17.70
15.70
24.90
4.30
4.20
23.10
39.50
11.00
2.10
18.00
47.70
44.10
4.10
28.90
13.70
49.00
6.50
33.30
37.30
34.10
34.10
21.10
47.60
47.60
13.60
42.80
23.60
31.00
9.20
3.20
17.00
49.40
19.00
15.50
7.20
15.00
32.50
25.40
46.10
6.70
35.90
8.90
26.10
33.20
24.20
9.70
33.60
1.90
39.10
39.70
11.50
8.10
8.10
34.20
29.90
33.70
34.30
10.60
41.60
46.90
19.40
32.90
43.20
28.30
8.50
39.20
29.10
13.00
4.40
2.90
18.00
12.40
7.40
1.20
3.60
6.20
23.60
32.20
38.40
22.20
11.30
31.30
32.00
36.10
25.80
36.10
40.70
25.30
20.70
35.60
48.80
27.20
37.10
0.60
15.70
48.80
43.30
21.20
6.80
24.80
41.70
9.80
49.10
38.50
2.70
43.00
45.70
29.20
13.80
12.20
33.00
38.10
32.10
16.10
33.90
10.30
31.80
31.50
46.10
36.60
24.80
44.70
8.20
44.80
33.10
18.10
37.70
37.70
42.30
34.40
13.90
2.70
17.00
34.90
8.80
25.00
37.10
27.00
49.10
49.10
24.00
3.20
2.80
15.70
32.60
47.60
20.60
17.10
29.80
28.40
41.40
49.40
34.60
47.70
4.70
1.30
31.40
3.80
18.80
2.30
2.30
18.70
49.00
28.70
9.70
29.80
11.50
21.10
8.20
45.50
40.60
3.10
47.70
11.60
3.00
34.80
44.30
21.60
18.90
32.20
46.50
32.60
36.00
12.50
35.20
18.20
8.40
17.50
4.20
39.60
15.20
29.20
3.90
42.10
14.30
48.80
35.00
32.60
25.00
25.90
10.20
48.70
5.70
2.60
0.10
24.40
5.80
28.80
2.10
11.00
29.60
2.20
31.30
16.40
17.00
33.10
36.60
27.80
7.90
44.90
25.90
25.90
38.40
28.70
3.10
1.50
38.40
49.90
40.10
18.50
27.10
1.40
3.40
4.10
33.90
0.10
10.90
5.70
33.90
1.70
10.70
16.60
29.40
45.00
39.10
33.30
8.80
32.90
23.20
44.90
20.90
2.60
6.70
38.10
12.30
33.40
24.90
1.60
32.80
30.50
35.40
39.00
38.30
35.70
4.70
4.40
25.90
49.60
42.10
24.90
5.30
5.30
5.30
32.40
7.90
25.90
47.80
25.90
3.70
34.40
39.00
7.10
26.60
11.20
25.40
42.40
13.10
45.00
5.00
6.60
0.90
0.90
36.60
20.90
20.80
20.30
39.50
28.90
22.90
31.40
11.00
6.00
4.50
44.70
22.60
23.80
9.00
1.90
1.90
24.60
18.20
28.40
0.40
2.80
39.80
32.10
33.90
33.10
22.10
2.60
1.50
0.80
11.60
43.80
14.00
14.00
43.50
10.00
39.40
2.40
10.70
10.70
28.90
44.90
10.60
2.90
31.10
18.80
16.30
39.30
13.10
23.40
40.30
41.20
43.20
20.90
5.90
27.00
40.50
4.80
35.80
40.50
3.30
14.50
24.00
6.30
18.80
49.80
35.40
3.60
44.40
19.80
18.70
11.20
41.00
19.70
45.60
47.50
10.00
15.80
32.90
32.80
1.70
37.30
14.40
19.70
36.70
11.00
25.40
28.50
15.70
2.10
18.00
48.20
39.20
19.20
39.50
1.90
17.90
10.10
24.30
13.50
12.30
22.50
6.70
5.80
8.30
43.00
22.70
23.30
20.50
39.80
9.90
46.10
4.30
22.70
49.90
34.80
25.70
49.60
40.90
26.00
21.00
36.60
49.90
35.20
28.20
3.30
39.60
28.70
30.20
27.20
9.10
0.70
35.00
37.60
4.50
47.60
45.50
45.20
2.50
0.50
39.90
1.90
5.60
2.40
24.20
37.60
32.90
32.00
3.50
11.70
1.90
35.70
30.90
1.90
9.90
13.00
38.90
33.30
39.20
18.10
23.70
30.30
6.00
47.30
10.60
17.30
47.40
27.10
13.80
33.40
45.80
36.70
9.70
5.90
30.00
47.80
38.80
2.70
36.80
28.60
40.30
19.50
20.90
35.70
47.10
23.10
35.00
27.40
13.90
22.50
32.20
39.60
43.00
12.40
0.20
34.50
18.70
12.40
6.30
37.60
15.30
13.90
16.60
9.10
5.10
27.20
3.20
34.50
11.80
25.80
35.10
34.70
33.30
6.00
44.30
49.10
5.50
20.40
14.10
41.00
28.10
38.10
11.20
19.40
41.10
30.00
40.20
10.00
19.20
39.30
24.80
49.20
5.90
12.20
34.20
32.40
35.60
6.80
27.70
5.60
19.50
0.10
13.30
15.60
31.70
18.60
46.70
39.50
0.60
27.90
30.50
49.00
47.70
20.80
39.30
39.30
32.50
43.80
35.10
44.90
27.30
24.50
15.90
20.40
8.40
18.60
27.60
32.00
27.80
0.70
45.60
8.10
46.30
46.10
48.80
7.00
14.80
26.40
41.50
36.70
10.50
39.20
47.10
49.20
26.40
20.00
47.80
40.50
37.70
27.30
46.10
6.10
0.40
46.20
6.00
48.40
27.80
26.30
19.70
32.60
41.50
16.20
37.80
48.60
35.70
21.40
22.30
40.00
18.40
17.20
27.40
15.90
45.70
9.40
17.70
29.40
40.10
27.30
39.40
25.50
10.00
18.90
47.70
26.40
13.60
29.50
12.20
49.40
37.90
22.50
2.20
41.30
14.90
19.70
10.50
2.70
31.90
7.00
27.00
1.40
40.60
16.60
16.30
46.30
46.30
0.90
42.20
9.20
4.70
26.60
1.40
12.70
39.80
49.10
28.80
0.90
45.80
19.80
7.80
44.40
23.00
19.80
23.10
9.90
9.90
21.50
43.20
1.40
31.90
38.50
12.40
14.70
49.50
34.00
38.50
9.60
10.10
30.30
34.10
5.80
12.40
43.30
7.40
28.30
37.00
0.50
39.20
39.00
39.00
6.80
17.10
3.60
12.90
1.10
15.40
31.70
45.20
2.30
23.50
19.40
20.20
48.20
25.40
2.50
18.90
33.50
24.70
16.10
14.70
37.50
13.80
2.30
0.80
28.80
13.60
13.70
6.70
34.20
41.20
21.50
47.70
29.40
41.00
9.60
48.60
42.70
34.70
24.00
18.70
40.50
30.50
20.40
21.40
48.20
22.60
45.10
33.80
35.50
27.20
18.10
33.80
1.10
4.00
2.10
35.80
23.00
41.70
38.40
36.30
25.40
38.90
7.30
9.20
35.20
9.70
44.90
43.90
19.20
17.10
28.00
27.10
12.20
49.60
10.30
5.10
1.10
10.30
19.60
44.70
49.40
6.00
24.10
17.20
20.00
20.00
38.10
11.20
21.70
37.80
44.70
49.40
2.70
27.80
37.50
19.70
32.40
3.20
8.20
35.60
38.10
30.30
4.40
17.50
48.10
4.00
31.30
43.90
1.30
32.60
44.50
6.10
36.40
29.90
25.20
2.10
4.00
37.40
28.40
30.20
28.20
9.60
38.40
13.30
43.00
20.60
0.50
3.30
35.20
16.60
37.50
37.20
17.00
37.50
5.10
21.10
6.80
17.80
22.60
47.20
15.50
21.80
33.40
34.20
4.20
49.10
46.90
45.50
5.50
18.10
0.60
8.30
18.10
30.40
40.70
35.80
49.70
49.70
11.10
33.20
7.60
15.50
8.70
45.00
4.60
9.40
17.40
27.00
22.20
43.30
37.50
38.00
14.80
14.70
35.40
14.20
19.80
15.40
47.00
28.60
24.90
11.50
17.00
36.80
34.10
14.70
49.80
20.20
20.20
33.30
20.30
0.80
37.00
14.40
7.80
10.10
10.10
42.10
47.00
48.80
33.00
3.20
33.50
23.30
14.40
6.10
12.10
23.20
25.10
8.40
40.30
49.40
32.70
40.50
29.70
29.00
10.30
41.20
24.60
22.40
45.30
4.00
38.30
29.40
29.40
42.40
5.90
15.00
37.20
38.50
38.10
17.70
40.00
6.60
33.10
33.10
19.00
19.00
41.80
18.30
12.80
5.70
35.00
9.40
46.20
44.80
15.70
38.80
16.30
33.00
14.00
26.10
4.90
36.80
36.00
36.60
14.70
23.30
11.80
9.00
46.40
2.00
41.80
5.60
1.50
3.30
35.30
46.00
21.90
21.20
25.60
0.90
42.70
10.60
28.00
23.30
34.30
11.30
42.40
44.10
41.10
5.70
31.90
7.10
33.50
20.30
1.10
44.10
41.50
8.10
13.40
5.80
31.10
23.30
38.80
44.80
12.60
27.30
1.40
41.40
3.60
4.40
32.60
9.50
38.80
41.20
9.20
46.40
3.90
12.10
39.90
41.60
28.00
17.10
10.00
0.90
4.10
5.10
15.00
30.90
1.30
16.90
48.00
35.30
15.40
15.40
11.10
25.60
24.60
23.10
13.20
49.80
21.10
18.30
10.70
0.50
1.20
30.20
30.20
13.90
45.90
23.70
29.10
21.70
46.90
16.80
36.70
0.50
1.70
0.80
18.00
33.60
35.30
45.10
2.50
19.20
35.90
6.20
29.70
8.10
13.40
32.40
9.70
14.20
12.30
27.30
7.00
2.50
2.50
21.20
35.10
12.50
18.50
23.10
34.10
15.60
6.80
32.80
26.60
19.60
32.60
39.90
41.80
45.60
14.80
49.70
18.00
13.20
5.00
29.70
29.20
3.50
27.70
8.70
21.80
39.90
47.90
23.90
47.60
14.70
3.90
17.10
22.20
35.00
46.00
31.20
37.20
42.60
49.00
1.90
11.10
45.80
48.40
17.90
30.40
2.90
43.60
32.20
14.70
4.40
1.00
14.10
49.70
8.00
19.60
22.50
0.50
22.30
0.80
44.80
46.40
27.00
3.20
31.80
12.00
17.40
18.60
0.80
49.70
22.20
2.80
8.80
35.60
38.40
2.60
8.40
48.40
10.00
13.30
9.80
2.10
12.20
19.80
31.80
39.90
45.80
44.90
37.80
26.50
3.10
22.60
4.60
0.70
37.10
46.70
48.60
9.30
38.50
28.20
2.40
5.30
8.50
3.70
17.10
24.40
7.60
8.00
32.60
37.50
49.10
12.90
5.60
14.90
21.70
3.20
45.60
12.30
34.80
6.00
1.50
38.60
46.80
6.10
20.20
15.70
2.40
32.40
7.70
42.60
45.00
15.20
27.00
2.30
48.60
38.90
31.30
37.80
38.80
19.90
10.80
22.10
22.30
23.50
36.40
37.50
28.50
14.00
21.80
37.60
21.50
46.70
33.40
7.20
25.80
29.30
22.70
16.30
2.90
29.80
36.60
5.30
31.70
25.10
47.70
6.50
19.70
15.90
5.10
44.80
49.60
5.00
27.10
22.70
10.20
20.40
18.60
21.10
2.10
0.90
48.90
48.90
18.30
35.40
12.30
8.00
4.50
28.90
8.40
36.60
3.40
24.90
38.80
41.20
43.20
31.20
29.40
26.90
21.00
8.00
6.60
21.80
2.60
7.30
16.90
15.40
4.70
11.50
22.00
16.70
36.30
21.50
38.60
0.40
36.50
15.00
8.70
19.00
42.10
38.50
15.70
40.40
1.00
31.30
27.10
46.20
27.60
18.00
11.40
23.60
14.60
16.30
18.50
25.30
11.10
36.80
6.90
44.10
35.00
4.20
35.80
30.90
10.80
23.10
40.10
26.10
29.20
32.40
45.30
44.10
10.40
12.50
26.70
42.20
3.00
15.20
28.40
32.90
27.00
15.30
35.70
23.60
24.80
9.50
23.50
36.90
38.40
45.00
32.90
34.50
4.70
48.00
27.40
2.90
27.00
16.40
32.10
49.60
9.10
29.40
47.50
46.80
32.70
10.70
46.10
3.40
46.40
21.20
17.80
16.60
25.20
35.30
28.90
45.10
30.50
19.60
11.80
13.80
20.40
29.10
13.50
49.10
21.20
16.90
40.20
30.80
6.20
48.80
35.60
14.60
33.60
31.50
43.00
34.60
17.00
14.80
49.60
0.50
23.60
24.20
48.40
1.50
12.20
0.90
13.30
42.50
22.70
24.20
33.90
35.20
22.60
21.30
13.70
48.50
13.30
14.10
43.70
20.10
7.60
10.00
35.40
12.80
29.10
11.30
0.30
17.90
25.40
48.90
48.90
20.70
1.80
20.40
22.80
23.90
10.40
45.50
26.20
26.20
10.90
44.80
13.00
44.40
46.60
3.10
38.30
34.60
45.70
39.60
15.90
28.30
49.50
32.00
42.30
46.20
20.50
20.50
30.70
33.70
17.20
36.70
38.30
26.10
48.10
4.00
39.30
8.90
25.80
37.60
48.80
6.70
35.80
31.60
26.90
6.20
33.30
10.50
33.10
5.40
3.60
9.50
24.50
12.70
10.50
26.40
45.90
21.40
36.50
37.00
5.70
8.30
41.50
13.60
2.00
16.30
0.00
36.90
16.80
13.90
41.00
19.40
25.20
8.60
45.00
3.40
12.30
33.70
2.30
13.40
36.20
27.70
27.10
42.50
34.10
38.00
34.50
39.00
35.40
37.60
29.30
44.60
33.60
21.00
38.00
40.30
0.50
9.40
47.50
33.90
24.40
32.40
14.10
44.10
2.40
17.50
43.10
35.90
46.60
33.50
46.70
15.30
7.10
24.90
14.70
49.70
0.90
22.00
16.80
18.20
14.50
24.50
35.20
41.70
29.50
17.50
11.00
11.00
8.30
6.80
8.50
22.40
36.70
30.70
32.50
5.20
0.70
22.00
47.30
44.10
11.00
48.70
49.30
1.60
18.50
12.80
35.40
42.80
7.50
20.40
28.80
45.90
5.10
36.90
20.30
48.30
16.30
22.90
8.90
15.90
26.10
41.30
25.60
43.70
14.00
31.00
22.00
30.90
26.00
40.00
28.00
25.60
11.80
16.90
15.60
30.50
17.80
11.20
27.70
40.60
5.20
45.60
3.50
7.50
23.00
48.60
8.90
35.60
7.30
9.20
49.60
45.40
47.70
11.00
18.50
30.10
49.10
23.30
30.40
10.40
49.20
11.30
44.90
17.80
42.50
31.10
17.90
10.20
35.70
35.70
12.70
34.40
3.30
2.30
18.90
18.90
13.60
41.70
4.20
43.00
19.10
28.20
14.90
42.50
26.40
15.60
4.20
15.00
15.70
14.10
4.50
44.90
35.30
49.30
22.20
23.80
25.80
9.50
9.50
15.50
18.80
7.60
37.00
3.30
17.20
9.50
19.50
3.30
35.60
24.10
10.90
37.40
14.40
26.40
18.80
35.90
40.30
0.50
19.90
27.90
5.30
17.30
11.20
16.30
20.10
32.70
22.10
36.70
14.10
8.40
7.40
30.80
22.10
2.30
47.10
0.70
40.70
7.40
22.00
33.00
17.90
47.50
31.10
44.60
12.10
5.00
39.60
36.80
26.90
32.60
19.70
31.80
36.70
8.40
27.90
26.70
33.10
23.60
30.20
3.80
48.30
8.60
21.30
26.70
9.80
11.20
22.40
38.80
46.00
17.30
24.90
48.50
40.20
16.60
31.50
17.20
12.40
28.20
25.50
10.00
30.00
8.30
13.20
18.50
15.80
43.20
36.20
25.90
7.50
5.20
15.80
8.80
38.30
33.20
30.00
23.30
49.10
21.10
23.20
36.50
4.50
5.80
15.10
40.20
48.80
34.00
9.30
41.20
0.20
27.50
25.40
39.30
37.70
15.80
5.60
35.60
4.30
12.20
25.80
22.40
27.10
30.20
5.40
13.80
45.60
3.90
36.00
48.90
9.30
2.20
7.90
24.70
39.00
10.80
37.20
8.80
34.50
36.00
20.00
35.20
43.20
48.30
13.50
33.20
4.90
6.80
35.70
42.00
36.80
42.80
15.70
21.50
4.60
12.50
26.80
14.50
13.70
36.90
34.10
15.40
20.40
26.00
29.30
13.90
47.60
31.10
24.30
4.30
17.90
47.30
17.70
8.90
11.60
13.70
34.70
7.10
6.10
27.50
0.90
39.50
14.70
9.40
33.00
10.30
47.40
36.30
47.80
32.30
33.00
22.10
11.60
30.60
20.20
35.30
13.20
39.90
28.80
42.30
48.90
29.10
48.60
15.50
4.70
27.60
4.10
18.90
19.30
15.00
5.10
47.10
25.20
32.50
29.50
39.50
31.90
28.30
22.90
16.30
5.80
18.30
20.20
41.70
41.90
12.40
2.10
36.50
19.60
28.80
33.00
0.30
36.10
12.00
8.80
32.00
13.00
15.10
1.30
20.30
21.40
48.40
33.60
1.50
14.30
2.70
2.70
45.20
10.70
10.00
6.60
5.20
5.40
45.40
14.60
21.60
9.70
46.10
13.00
47.10
45.10
2.60
6.20
3.70
29.90
31.70
47.70
32.90
10.00
2.80
25.80
33.80
16.30
29.90
3.30
13.30
14.60
34.60
17.70
25.60
40.70
47.30
20.60
25.80
45.10
16.50
20.10
13.50
0.00
11.60
10.90
22.10
46.90
26.90
42.10
8.90
7.10
11.00
0.90
11.00
47.50
16.20
2.10
37.70
42.70
5.00
6.90
0.00
23.70
46.80
17.40
11.70
34.70
9.00
25.10
18.70
6.50
13.50
34.50
5.30
21.60
40.80
3.30
32.50
23.40
37.00
24.20
43.90
20.70
20.30
24.30
27.70
8.20
29.10
36.00
39.40
13.50
41.90
25.10
23.50
47.40
41.70
21.80
2.30
26.50
36.80
27.30
25.30
21.40
2.10
12.70
1.50
18.60
4.70
6.70
47.40
0.50
29.80
24.60
20.30
7.90
39.40
43.20
3.50
23.90
44.40
28.70
25.70
12.60
30.20
3.40
42.50
26.10
13.80
5.00
17.90
7.60
37.50
37.00
17.40
16.70
21.80
8.00
10.00
36.80
15.90
44.70
30.20
45.90
48.20
9.50
41.90
28.30
43.70
32.70
20.40
20.40
6.70
19.90
29.10
7.90
1.60
48.20
2.70
12.90
30.20
18.50
9.70
41.80
3.90
12.60
3.00
38.80
28.70
32.60
38.00
36.70
7.60
39.10
23.20
43.40
16.50
29.60
16.50
11.20
15.10
7.70
34.10
45.30
37.30
2.40
44.10
38.50
23.40
38.50
16.70
17.10
10.10
20.10
38.20
47.10
37.10
1.00
21.10
43.80
28.70
29.30
30.20
25.50
32.50
4.90
11.40
8.00
40.20
31.20
2.30
16.00
39.30
40.00
40.10
39.30
43.90
39.30
8.20
12.40
37.20
41.80
42.20
43.30
30.30
22.40
21.20
39.60
18.80
11.50
16.60
11.30
48.70
13.20
25.70
17.00
30.60
35.90
39.60
10.90
13.40
45.40
12.30
38.10
26.10
5.00
18.00
42.90
21.70
23.30
38.20
1.50
0.30
49.70
49.70
0.10
42.80
19.00
9.00
32.80
37.50
7.60
45.30
32.10
39.00
11.30
5.50
29.50
2.90
31.20
33.00
49.50
7.50
39.60
31.40
43.30
43.40
11.70
48.00
46.40
44.00
26.70
43.00
16.90
49.70
2.20
16.80
0.60
48.80
45.40
7.80
12.00
31.50
49.20
44.10
23.50
11.30
32.80
29.10
22.80
43.10
37.50
40.30
24.70
43.50
8.70
11.50
0.00
45.60
47.60
1.30
38.70
22.00
32.00
4.60
16.00
28.90
28.90
0.00
19.50
28.30
31.10
34.80
0.90
22.00
17.80
14.60
1.40
8.80
25.60
36.30
15.10
24.30
41.50
15.90
11.30
30.40
2.50
39.20
0.40
38.00
38.00
8.20
29.30
46.50
40.30
6.10
18.30
44.90
14.20
4.10
6.00
16.80
34.30
35.00
32.10
38.00
9.70
45.60
39.10
46.50
30.70
27.90
26.60
0.90
7.50
20.60
5.30
49.30
44.50
15.10
21.40
24.30
38.50
24.30
46.70
21.90
28.80
32.60
49.50
30.50
14.80
14.30
20.30
17.60
8.80
24.20
1.40
44.30
43.40
0.30
45.40
5.10
33.60
2.00
3.30
1.70
5.30
18.10
27.90
8.40
36.40
38.30
10.50
37.70
29.10
13.60
35.80
21.40
37.60
13.50
33.00
30.30
22.20
48.60
32.90
28.50
3.00
49.40
21.20
9.20
20.80
28.40
36.40
1.70
31.90
30.50
2.70
38.30
44.00
17.10
42.80
29.40
19.10
43.70
38.90
24.70
17.80
18.00
44.80
25.90
29.50
31.20
14.40
32.90
44.70
7.10
24.20
10.10
37.00
34.00
19.40
27.30
21.50
43.20
14.30
8.50
47.20
7.60
42.00
15.10
31.30
18.90
5.10
23.90
8.40
9.60
25.00
9.70
36.80
8.00
1.00
37.20
37.00
17.60
38.60
45.60
38.20
31.40
10.20
9.50
2.50
12.60
35.80
48.60
11.70
13.20
23.50
39.40
1.90
20.80
35.50
5.60
9.90
17.90
47.30
24.20
18.70
38.60
19.20
14.50
41.30
10.90
31.00
6.10
29.20
4.50
35.00
16.50
33.40
26.30
20.80
31.50
47.40
2.60
38.40
44.40
34.40
49.20
1.30
19.00
15.80
10.90
40.10
16.50
4.50
23.10
8.50
36.60
22.90
21.90
29.70
42.60
7.30
43.40
45.70
17.70
32.50
29.30
10.90
31.80
44.40
15.20
33.70
32.90
15.60
0.10
29.80
49.20
46.90
2.90
11.90
26.00
17.40
39.20
35.60
46.60
10.40
24.40
16.10
43.40
29.70
34.60
48.80
45.00
46.50
44.40
40.80
38.30
16.00
1.90
49.20
3.60
49.40
1.60
3.40
5.70
12.20
24.90
32.70
31.60
37.20
47.40
22.20
26.70
38.90
2.70
34.40
34.70
40.80
47.60
38.80
4.30
8.20
42.40
11.50
8.00
13.70
13.90
34.60
3.50
5.00
41.30
42.80
11.00
2.30
2.30
11.20
43.30
42.40
49.50
39.10
46.10
18.40
15.30
39.80
15.70
14.30
34.00
10.20
10.50
34.10
17.70
26.80
1.20
25.70
37.20
40.10
6.50
3.00
49.00
4.80
42.10
42.40
8.50
26.30
46.10
6.60
28.50
33.30
20.30
23.80
43.40
20.00
13.20
7.10
6.80
21.50
49.80
34.00
5.20
33.00
3.70
6.00
1.40
25.00
38.50
31.20
28.40
0.20
37.40
34.50
15.60
17.50
44.40
8.60
8.60
3.40
21.80
12.90
30.10
21.40
12.30
4.20
0.20
34.90
0.20
1.60
0.80
33.90
16.90
21.70
39.60
0.50
34.30
29.70
39.50
42.00
3.80
14.40
0.60
34.50
31.10
35.40
30.70
12.60
24.70
13.30
0.20
4.20
8.30
32.40
46.30
9.50
32.30
40.60
20.20
38.50
45.00
41.50
5.00
30.80
21.00
37.90
11.20
44.30
3.70
25.70
8.90
6.80
34.10
7.00
33.90
47.20
26.70
15.10
41.20
33.70
29.10
22.80
11.20
38.10
12.50
40.70
42.30
33.90
13.60
16.80
32.90
7.70
12.50
2.00
36.20
30.50
37.50
49.30
15.80
15.90
48.00
22.10
10.70
8.60
30.30
13.20
20.30
32.10
17.60
36.00
34.80
30.90
12.90
16.50
47.40
45.10
22.80
42.00
49.50
49.50
15.30
48.00
11.00
47.30
31.50
31.60
35.10
19.30
29.60
49.80
28.10
1.30
7.00
8.40
9.80
31.20
13.10
38.90
40.10
33.00
20.40
41.20
33.20
40.70
39.40
43.90
39.40
1.70
40.00
38.90
13.60
38.30
48.90
29.60
48.20
34.30
16.60
31.20
38.20
17.10
33.80
23.90
49.90
11.20
45.60
11.20
43.80
27.70
5.30
2.80
31.80
36.60
7.90
45.80
5.80
23.40
16.50
6.10
0.00
34.50
24.20
41.20
32.70
43.10
4.60
14.80
9.60
4.10
31.30
1.30
37.80
27.40
30.90
27.70
17.10
39.10
6.80
29.00
16.80
2.30
48.30
1.60
37.00
0.40
28.80
9.50
24.30
45.80
5.80
31.50
18.30
25.40
30.50
19.90
41.90
13.60
39.50
5.50
32.40
28.30
49.90
43.20
8.00
8.30
13.40
20.40
13.60
6.40
37.00
3.60
41.50
3.90
0.80
35.00
0.60
49.40
38.10
41.80
34.40
20.80
30.20
3.40
16.40
33.00
32.20
8.40
20.50
6.20
0.90
11.70
25.40
25.20
49.20
42.10
47.90
30.10
33.10
1.30
6.20
36.00
40.70
32.80
36.90
31.30
25.10
28.70
18.20
19.40
14.60
8.90
1.20
6.60
47.30
29.80
7.30
23.50
10.10
3.70
3.70
10.40
4.50
20.00
31.00
15.20
32.00
0.90
22.10
36.70
27.20
21.00
3.30
7.60
4.30
44.30
48.00
23.30
29.20
43.10
29.50
23.80
38.40
32.20
40.40
8.60
20.80
13.60
44.60
32.60
14.10
43.90
15.30
34.10
39.20
21.00
16.40
15.20
39.60
38.80
41.40
28.80
49.20
9.40
15.90
45.10
30.70
12.80
49.10
17.00
16.70
30.90
47.20
42.60
42.30
22.90
11.30
4.20
7.40
0.60
37.90
45.60
34.80
27.50
7.80
18.80
16.40
35.00
7.30
0.00
26.10
27.30
24.30
18.80
17.50
4.60
11.10
13.60
13.80
29.80
30.40
43.00
48.00
23.40
39.60
34.50
47.60
40.10
41.60
48.50
37.20
16.10
32.00
48.00
44.00
47.10
9.50
5.00
27.40
39.60
11.70
11.70
23.50
39.40
23.80
46.80
17.50
9.50
34.80
17.90
37.10
27.10
12.10
33.10
3.60
46.00
31.20
22.20
46.30
17.30
43.10
34.70
29.50
11.30
3.50
5.30
18.90
35.90
9.00
37.30
16.30
39.60
42.40
32.00
47.90
49.40
45.40
22.10
22.10
20.10
43.60
25.10
23.90
43.70
41.90
42.20
22.40
1.20
3.50
15.50
41.80
47.50
23.90
46.70
4.80
20.40
27.30
28.50
23.40
28.60
6.60
30.00
40.00
0.40
13.80
15.00
12.10
21.10
16.70
4.90
28.90
0.70
0.70
8.90
42.10
25.50
15.50
9.60
40.30
6.20
18.80
37.70
14.20
13.00
8.40
27.00
11.80
10.90
22.60
46.00
20.20
46.70
43.90
14.30
39.90
32.80
21.00
11.30
19.30
26.90
10.50
20.30
9.90
47.20
2.70
30.60
36.60
1.80
40.00
30.70
24.00
9.10
37.50
38.70
27.70
46.50
2.20
4.80
21.30
11.40
10.80
11.60
29.90
9.00
22.60
23.00
38.10
19.90
23.50
16.20
3.70
11.50
19.50
39.00
23.30
46.20
21.00
12.90
23.10
4.10
28.70
1.00
44.60
20.70
40.90
2.60
7.10
36.80
14.60
37.00
41.30
13.10
2.40
40.60
24.40
22.30
46.40
10.10
47.40
39.40
39.50
26.70
19.40
32.30
33.10
11.70
15.20
0.40
20.50
3.60
30.10
29.10
12.70
3.40
6.50
49.10
1.00
17.70
2.50
34.10
15.80
35.10
30.00
11.00
17.00
30.70
45.10
20.10
44.00
45.30
1.20
7.50
29.60
22.90
37.60
45.40
34.90
33.80
40.90
3.50
35.60
48.00
2.00
33.80
45.30
14.20
19.30
36.40
15.10
36.90
42.80
44.50
46.40
1.50
23.60
31.80
28.40
33.90
31.60
45.90
12.50
19.20
29.30
22.00
28.40
5.90
5.20
27.30
9.90
45.50
28.80
17.80
9.90
48.60
4.40
45.80
18.40
7.00
33.70
10.20
5.50
21.20
35.60
36.20
12.70
13.10
11.10
11.80
43.40
22.40
37.40
1.10
48.60
37.40
34.20
48.50
1.90
16.20
4.00
14.70
36.90
10.30
0.70
12.10
33.60
31.30
8.40
28.40
0.80
7.00
48.60
22.10
48.90
47.10
43.70
17.10
28.40
5.50
30.20
3.50
25.60
6.50
22.20
33.30
45.60
8.20
40.10
41.60
39.00
27.20
3.10
0.60
12.10
40.50
20.20
25.70
40.70
19.70
32.60
17.90
27.90
38.70
38.60
5.90
32.50
46.40
39.90
13.20
19.70
20.40
31.20
49.20
36.70
27.30
13.30
49.40
38.00
14.00
23.60
6.50
36.30
22.60
34.40
5.60
45.00
48.40
34.10
7.90
6.80
13.60
17.80
26.30
30.90
42.40
26.90
25.60
20.10
30.00
21.60
39.80
16.70
43.20
21.80
11.70
40.50
28.80
46.20
8.40
12.90
47.70
8.00
32.20
8.50
3.30
42.20
28.50
24.90
12.80
20.90
26.00
3.80
18.60
17.90
48.60
4.60
18.60
43.00
13.20
25.20
48.60
45.00
33.20
17.70
49.70
40.60
4.10
49.40
43.00
29.80
15.90
26.30
17.40
29.50
31.70
43.40
47.40
24.90
2.20
22.10
22.90
27.10
6.40
0.40
19.10
8.00
41.10
1.00
14.00
43.50
48.90
40.00
30.60
23.70
5.30
31.50
1.60
0.20
0.70
39.60
38.30
13.80
16.10
34.30
2.80
8.40
46.50
20.00
12.80
33.00
15.80
15.20
15.00
4.70
2.20
17.20
28.00
3.50
42.50
1.80
38.30
17.20
4.00
20.20
9.00
30.00
20.30
2.60
44.70
25.70
11.00
11.50
45.20
14.50
27.10
27.10
25.10
44.90
28.80
10.50
25.60
20.90
40.50
37.90
17.00
35.30
39.00
46.00
23.30
17.40
14.10
44.40
23.90
49.30
33.00
8.20
5.60
47.30
49.00
11.00
5.30
8.50
20.70
26.10
8.00
36.80
48.90
25.20
48.20
16.20
28.60
1.70
22.10
39.40
32.00
42.80
7.90
44.10
12.20
14.40
32.50
42.50
34.90
6.80
40.30
16.80
1.30
46.80
4.50
14.00
49.70
42.50
20.40
33.30
32.10
3.50
26.60
39.40
25.90
8.10
29.00
9.10
37.80
26.10
24.00
0.10
6.70
0.60
28.20
35.10
23.20
40.40
40.00
8.10
6.80
32.60
16.70
12.00
44.90
36.80
29.20
14.50
42.80
3.70
38.60
26.80
38.80
44.70
30.90
17.80
23.70
30.60
43.50
6.60
24.70
20.50
25.50
16.30
41.20
36.30
2.70
22.90
36.90
2.80
11.80
7.70
41.70
37.80
23.90
10.90
30.50
37.40
10.90
10.10
32.00
17.50
43.90
21.50
45.10
37.70
42.70
21.00
0.50
3.60
20.60
0.40
11.60
13.80
31.70
48.40
18.20
4.00
3.30
46.20
31.60
46.30
48.20
48.30
11.50
4.90
16.50
17.40
6.70
36.90
41.10
2.40
22.00
6.50
36.90
37.40
9.90
24.70
49.20
1.80
31.10
44.00
24.70
32.00
46.00
12.80
11.20
21.20
3.70
37.50
0.70
9.10
29.70
28.60
28.90
28.00
23.00
10.40
11.00
15.00
33.20
21.70
26.70
8.80
44.60
4.90
26.80
5.90
34.40
40.30
20.80
48.90
26.50
26.50
36.40
46.30
16.10
11.70
11.70
35.00
24.20
1.40
20.50
41.10
36.00
49.70
36.00
26.20
9.60
35.10
13.80
2.20
3.30
15.10
28.40
29.50
26.10
21.80
32.80
35.50
34.60
31.50
16.70
43.50
12.20
25.80
14.50
8.40
20.70
6.50
39.60
28.10
36.10
41.10
42.20
40.80
25.60
25.90
3.70
48.10
30.10
33.30
40.80
44.60
23.00
16.30
44.10
39.90
5.40
30.20
44.20
5.70
46.90
28.00
28.00
17.00
46.40
25.70
3.30
35.30
26.30
17.90
37.30
42.50
11.60
36.70
2.70
7.00
34.90
29.20
2.70
47.40
44.30
38.10
21.70
47.20
42.30
13.90
43.80
48.80
22.90
30.70
40.70
6.60
40.00
41.40
10.00
28.60
28.20
2.00
18.00
42.90
34.70
0.70
16.90
37.10
20.30
48.30
44.90
41.00
4.90
5.80
16.10
33.30
13.30
15.80
48.00
39.50
2.70
24.60
6.60
47.50
49.40
38.50
38.70
13.80
16.40
22.10
43.70
0.20
17.80
19.10
46.10
5.10
48.50
8.70
6.20
25.20
39.30
44.50
33.50
7.10
35.90
7.40
35.80
8.10
45.80
40.40
37.20
8.20
44.20
43.30
43.80
20.90
44.80
34.20
30.00
18.40
3.00
15.80
27.30
29.40
8.70
33.00
31.40
7.30
12.70
25.20
22.60
27.80
44.20
15.40
24.90
23.70
47.80
42.80
36.90
47.20
6.30
43.60
42.40
3.10
32.20
18.00
44.40
19.90
8.30
30.20
41.40
34.30
41.40
0.90
3.40
40.60
47.40
4.20
21.00
10.00
8.00
20.20
8.00
9.10
31.00
3.90
4.70
46.80
46.40
37.00
39.40
27.10
28.30
48.90
0.00
21.50
44.10
11.00
24.40
16.60
12.50
9.90
1.10
3.70
9.40
25.60
22.10
39.20
49.90
1.00
9.60
15.40
6.40
19.20
49.30
49.90
13.30
12.40
42.00
31.80
11.30
49.80
32.10
48.90
45.70
44.90
42.70
13.90
42.40
12.10
26.50
18.80
25.50
0.80
7.50
48.50
24.90
31.90
7.90
3.30
44.30
32.80
30.90
42.00
37.80
39.20
1.90
17.60
6.00
12.90
13.70
42.80
14.70
23.90
29.60
10.30
16.80
31.30
44.00
9.80
37.80
40.50
6.50
10.50
44.30
36.70
48.30
43.80
12.60
12.60
1.90
38.40
24.60
0.70
25.50
18.10
13.00
32.70
12.60
37.70
18.90
15.60
4.60
4.40
40.60
41.00
20.30
20.10
2.50
31.40
13.10
15.80
25.40
49.60
43.30
2.10
15.60
20.30
12.30
19.80
35.30
14.90
16.40
48.10
19.70
40.70
15.00
26.30
36.20
48.60
6.50
45.60
6.20
49.70
35.30
20.40
11.10
42.50
5.00
5.00
7.40
29.40
24.90
25.10
14.40
7.60
4.60
5.30
37.10
22.70
45.30
2.80
24.80
41.20
7.10
39.50
49.20
18.60
4.10
28.30
35.40
44.00
15.50
19.70
17.60
49.30
39.00
4.70
25.10
17.50
20.50
18.60
1.70
26.10
3.90
48.70
38.70
45.30
5.30
4.80
16.10
37.60
45.40
33.90
2.50
6.00
39.00
9.00
8.20
35.30
25.60
20.20
23.80
20.50
17.40
47.00
0.20
37.20
11.20
12.60
4.80
38.50
26.60
3.60
39.10
27.40
9.40
44.30
48.20
16.20
32.80
19.30
22.40
19.50
48.20
1.40
46.90
36.30
43.70
31.00
22.80
44.90
24.60
33.90
41.10
46.90
40.60
20.40
16.60
7.20
7.00
46.40
19.10
2.30
0.50
16.00
39.50
31.70
37.90
44.40
23.80
1.60
21.60
2.80
5.80
29.70
20.80
23.80
42.40
1.90
22.70
6.50
18.40
29.00
30.00
20.30
49.60
5.00
10.70
25.50
12.30
0.20
37.00
38.00
44.40
49.50
3.20
14.60
14.70
35.10
36.30
21.70
19.10
6.40
4.70
15.70
15.70
27.00
4.50
49.30
34.70
5.90
15.20
4.50
43.90
22.60
5.30
8.60
39.10
2.30
27.70
1.60
37.70
28.80
4.60
30.30
7.20
14.00
6.30
15.30
47.10
2.30
7.90
41.00
6.00
47.60
33.60
33.70
4.60
12.70
30.70
34.90
42.90
18.80
9.00
35.10
30.50
24.60
11.90
13.60
12.50
31.20
7.40
7.60
13.80
6.90
2.40
24.00
34.60
0.20
42.70
25.50
25.20
25.50
11.60
35.70
4.70
10.40
45.70
8.10
29.40
9.10
24.70
25.70
46.00
20.30
9.50
33.60
35.30
32.20
13.80
8.30
22.40
22.40
21.20
38.60
14.40
37.20
47.00
6.30
0.60
11.50
45.40
0.70
11.40
18.10
36.10
24.70
22.80
7.90
42.60
44.20
24.30
42.20
37.60
10.30
26.70
6.00
37.00
6.60
20.50
41.70
6.00
48.40
17.90
24.50
20.60
28.80
44.80
15.80
45.20
15.10
41.80
11.90
43.10
40.00
25.90
11.60
40.20
10.80
8.80
12.20
47.60
22.60
0.10
29.80
24.10
12.30
37.10
25.80
25.30
23.20
30.10
18.80
10.40
42.20
12.70
15.60
11.70
39.10
5.80
0.20
36.60
28.40
18.00
18.30
15.00
6.10
20.40
3.30
13.20
1.60
10.30
43.30
35.80
26.40
7.10
49.60
0.20
37.00
48.90
10.10
19.40
23.60
45.90
11.60
30.90
48.00
1.30
40.70
40.70
3.30
43.50
21.20
13.20
12.60
13.20
34.00
46.90
14.60
18.00
38.90
37.40
26.50
6.40
10.60
35.70
34.70
24.10
2.90
41.90
7.50
20.10
7.90
24.80
43.60
28.50
34.70
29.50
20.50
5.60
47.30
44.10
48.00
15.40
10.80
29.10
2.60
0.20
34.10
34.10
43.20
3.50
18.70
25.60
8.80
16.70
32.50
0.80
48.80
39.70
5.40
46.40
34.00
7.50
26.20
26.20
21.30
17.00
9.00
19.90
48.30
28.30
6.80
16.50
33.00
29.60
12.20
27.20
11.50
9.30
10.00
37.10
37.80
32.00
34.00
23.90
49.30
39.60
8.90
6.50
25.80
3.30
2.00
36.90
10.50
29.30
7.70
49.70
22.60
22.60
19.90
33.60
28.30
42.20
22.20
34.10
11.60
16.90
5.40
41.20
9.00
26.10
10.20
22.70
8.10
28.70
46.70
11.60
25.70
41.10
31.60
34.70
16.20
39.40
13.70
0.00
18.90
15.90
36.60
46.10
25.80
2.90
12.80
49.70
41.00
29.20
8.30
6.60
22.50
17.00
14.90
25.20
36.20
48.30
31.60
27.80
3.50
7.50
33.90
47.00
4.60
0.60
15.90
28.70
26.80
13.50
8.30
45.90
47.70
47.80
38.60
23.00
5.20
5.20
17.10
10.20
47.10
9.60
43.50
27.50
18.10
33.90
9.70
44.40
33.40
18.40
35.30
0.20
10.70
39.60
14.60
0.40
21.50
46.00
37.00
29.00
44.80
35.10
10.70
46.90
20.00
46.00
39.30
5.20
7.00
14.40
21.10
21.80
24.70
31.10
7.40
6.80
43.90
49.40
27.30
22.80
20.20
16.30
45.90
33.20
31.00
29.10
9.10
25.10
38.60
20.70
47.80
24.50
43.80
27.50
39.20
24.00
44.10
29.80
33.50
33.60
23.00
2.30
23.80
45.90
44.50
32.00
42.80
37.60
36.60
6.80
0.40
5.00
5.00
12.00
20.10
28.30
36.50
23.60
48.30
38.60
26.50
36.30
10.70
6.20
11.30
1.90
46.60
40.20
40.60
5.30
42.80
46.50
5.80
23.80
29.30
25.40
8.40
34.30
21.40
33.70
41.40
35.20
30.20
40.80
24.30
25.90
3.50
5.30
32.90
28.80
11.40
45.90
15.40
37.40
7.20
7.30
19.70
43.50
10.80
37.50
5.30
33.80
27.10
38.40
8.30
49.90
47.50
12.70
3.00
22.10
38.90
15.00
35.50
22.70
47.60
25.80
39.10
19.90
42.30
5.20
19.90
42.70
18.80
34.00
21.60
37.00
4.00
19.00
18.80
4.00
45.40
7.00
19.70
45.30
38.20
43.30
30.70
25.50
18.60
40.40
40.90
33.90
43.00
2.30
7.60
43.00
49.20
17.90
23.50
15.00
46.00
8.40
29.00
38.70
8.40
4.60
4.40
38.90
13.00
9.10
4.30
23.60
27.20
37.60
38.20
34.40
40.90
10.40
10.30
16.00
23.90
38.00
27.10
20.60
25.60
19.40
16.90
14.20
20.00
23.50
13.10
10.80
1.90
22.60
4.60
41.60
19.20
15.10
20.40
35.30
15.30
2.70
8.00
29.40
2.60
12.60
8.20
30.40
35.10
31.60
42.20
49.40
42.90
42.90
49.10
4.30
8.60
1.40
48.90
38.70
48.30
33.10
14.50
40.30
42.40
25.20
8.30
8.30
48.30
49.00
20.00
33.90
9.50
37.50
44.10
33.60
27.20
23.30
37.90
11.70
11.70
43.50
22.10
28.50
10.30
1.40
31.80
13.10
0.30
24.10
3.50
22.80
34.80
47.20
9.90
5.30
16.20
22.40
40.00
39.30
31.70
1.00
36.30
22.30
23.40
25.90
35.80
35.80
43.70
27.70
24.20
17.00
4.80
8.70
11.60
2.90
23.40
48.40
46.50
38.90
29.10
24.70
10.80
17.40
21.20
21.20
40.10
7.70
17.40
9.70
16.40
48.50
8.80
21.70
19.30
41.70
0.00
38.90
20.20
20.10
49.40
39.50
0.50
0.50
1.20
16.70
30.20
7.60
2.30
29.90
23.80
1.20
0.00
4.50
12.30
12.70
24.50
4.20
33.60
40.20
4.90
9.60
25.70
39.40
23.40
44.20
1.10
10.70
41.70
0.70
15.10
9.10
36.90
39.10
38.00
17.80
12.30
45.80
10.90
21.40
45.00
44.30
44.30
6.80
4.80
4.20
16.90
29.30
1.60
31.60
31.90
9.00
2.10
0.40
4.60
42.90
44.90
15.30
11.40
30.70
8.90
23.40
48.10
30.10
32.50
21.10
15.10
40.50
9.40
9.40
2.30
14.40
17.10
12.40
36.40
7.50
35.90
43.00
31.00
14.00
34.50
30.30
30.20
6.50
42.00
23.40
20.10
6.20
46.90
25.10
2.30
33.30
18.60
16.10
13.70
30.80
3.20
27.00
39.20
35.20
16.50
16.80
15.10
35.90
39.20
27.10
5.20
46.90
15.40
44.50
22.40
26.50
47.30
46.60
3.30
18.70
12.80
19.40
43.60
15.80
44.80
19.20
46.90
36.80
27.70
9.70
33.60
36.00
23.00
5.10
11.10
34.80
16.50
27.30
42.70
38.30
40.40
3.80
45.10
37.30
25.60
28.80
12.20
33.20
49.40
17.80
27.20
48.80
14.20
21.50
49.00
14.30
29.80
35.20
24.50
45.80
27.20
23.20
10.50
13.20
3.30
25.80
34.90
29.10
17.70
32.00
1.40
41.30
15.20
43.60
3.20
38.00
36.20
38.70
39.30
21.70
14.40
1.50
30.30
12.50
12.00
14.90
32.40
6.40
5.80
41.10
0.00
6.80
1.50
9.20
39.40
36.10
33.20
38.70
18.60
24.50
12.00
43.70
3.60
25.40
30.20
25.50
15.10
32.30
37.00
37.40
27.80
14.00
23.90
47.40
41.90
14.10
49.00
14.20
14.20
49.00
1.30
28.00
35.00
43.50
5.10
3.30
20.80
14.40
32.30
20.60
21.60
37.00
45.20
26.70
13.00
36.80
19.00
45.80
9.00
14.90
32.90
11.30
19.40
15.60
48.60
49.70
13.10
19.60
4.80
34.90
35.60
28.10
43.30
1.50
27.40
14.10
26.30
27.70
15.80
12.60
36.00
8.00
6.10
8.20
28.30
28.30
0.00
28.80
12.40
0.70
26.40
26.40
6.50
43.70
26.60
12.00
19.60
6.00
39.40
38.30
15.00
45.40
17.70
23.20
37.10
4.80
33.80
18.90
2.30
38.80
28.20
4.90
27.30
2.60
24.90
10.30
37.90
8.00
8.00
37.00
18.20
43.50
1.40
14.20
42.40
44.90
19.60
8.60
1.50
35.30
43.30
5.20
36.80
11.50
45.00
26.10
29.90
20.80
8.00
43.80
0.60
46.80
28.70
18.80
46.20
48.40
34.10
31.30
31.00
10.40
30.30
44.50
49.50
49.60
34.10
21.30
21.10
45.80
19.60
37.00
10.80
41.30
30.40
0.50
48.10
22.50
2.80
27.20
31.90
24.00
48.40
48.60
26.10
31.20
41.50
0.00
38.20
10.30
28.50
20.60
16.50
41.00
29.60
27.70
49.60
30.00
35.00
20.00
22.30
35.40
41.40
21.20
46.50
22.20
5.00
29.70
40.30
25.30
30.00
37.10
28.00
26.20
21.70
36.80
39.50
49.90
17.10
13.20
36.60
30.20
49.70
24.60
37.60
17.20
15.30
33.50
39.30
33.50
10.10
15.40
15.70
26.70
20.50
44.70
40.30
10.90
21.10
12.00
28.30
7.30
16.40
25.80
11.70
3.20
26.00
43.50
4.10
38.00
17.10
47.80
2.80
41.80
49.90
16.80
17.30
23.90
31.30
32.80
8.20
13.90
47.00
44.30
45.30
10.20
13.90
4.90
33.70
10.40
32.60
26.30
11.50
26.50
30.10
32.80
32.10
32.10
12.10
5.50
49.50
32.60
26.20
0.00
12.10
6.10
31.30
49.90
7.10
36.50
36.70
48.30
13.00
44.20
32.00
43.80
36.30
35.50
33.40
41.90
37.20
36.10
32.30
7.70
33.90
7.70
11.40
41.90
8.60
6.90
14.50
14.50
16.50
38.50
12.50
13.60
26.60
21.20
33.00
14.70
13.70
37.80
15.10
36.70
20.80
8.90
23.40
13.20
29.20
8.90
16.20
20.80
34.70
33.10
43.30
31.10
30.30
32.20
22.20
42.50
27.50
39.10
15.90
32.70
41.50
14.00
34.20
1.30
39.00
0.80
34.30
45.40
44.50
16.60
27.80
44.40
11.30
31.20
37.10
22.00
45.80
47.90
19.50
44.90
9.50
45.30
20.50
4.80
46.70
27.80
15.20
44.60
4.70
43.40
40.70
46.10
4.50
47.40
33.00
49.60
12.30
35.50
22.20
43.70
23.70
45.40
5.70
8.00
44.50
46.20
14.90
26.10
2.50
21.30
15.80
27.30
14.80
34.20
27.70
32.50
10.20
48.70
32.30
44.30
34.30
22.10
14.70
41.50
10.20
25.30
13.30
41.20
40.30
3.20
10.70
45.20
10.90
6.70
48.70
41.40
19.60
2.60
41.20
1.20
45.10
36.10
40.90
1.20
36.50
37.90
20.70
27.40
16.90
41.60
41.60
7.60
4.40
39.20
37.30
3.90
14.90
34.10
41.70
24.90
32.00
42.00
10.90
44.50
44.10
42.30
16.60
39.50
39.50
11.40
39.50
13.60
20.90
22.10
36.40
12.10
23.30
20.30
16.50
30.30
11.60
24.00
16.50
12.60
49.00
45.60
6.90
11.40
8.60
11.90
28.60
4.30
33.10
36.80
32.20
34.50
49.60
20.50
10.80
8.90
23.50
25.70
28.80
23.00
34.70
18.50
33.00
24.00
44.20
4.80
49.50
24.10
37.20
7.40
2.40
44.80
10.30
20.40
8.10
21.30
40.60
12.70
34.10
21.50
32.10
21.80
44.00
22.60
41.00
30.50
11.50
37.00
22.40
27.20
13.00
43.50
46.30
14.40
22.10
2.70
49.70
25.50
48.60
18.70
32.80
26.10
36.30
48.40
0.50
48.90
14.90
44.10
10.60
44.90
9.70
47.10
3.00
41.60
38.20
47.60
12.30
4.30
27.40
27.80
45.50
25.00
4.00
45.70
17.00
17.20
13.60
18.90
15.70
31.10
24.60
3.50
45.10
12.20
29.50
7.60
44.50
23.70
0.70
28.20
13.70
11.80
16.10
30.70
11.10
47.80
36.20
2.20
21.40
13.60
43.40
40.50
30.00
31.20
48.50
4.60
42.30
25.60
12.30
23.50
26.50
39.20
28.50
47.50
38.50
49.20
41.90
44.50
37.90
5.60
34.20
36.60
30.10
38.20
49.20
43.00
34.40
0.00
8.70
12.10
25.50
5.50
5.60
37.10
49.40
35.80
32.60
22.10
37.20
16.60
25.60
38.50
25.10
13.30
32.10
0.50
45.80
23.20
19.00
14.80
2.10
38.30
13.10
39.90
4.30
8.10
20.80
9.90
28.90
12.00
21.40
33.00
35.10
36.60
40.50
47.30
16.90
31.90
8.30
34.80
18.20
45.20
32.20
21.80
39.10
28.00
37.00
37.80
19.40
44.60
38.60
12.20
21.50
24.00
39.10
21.70
1.30
29.80
14.60
30.40
42.60
31.60
19.40
16.70
16.70
23.60
48.10
5.60
18.70
34.40
0.70
48.30
29.00
18.30
14.40
17.90
4.70
3.80
42.10
6.70
5.60
28.80
42.50
41.20
13.10
6.20
48.70
29.60
9.80
2.00
9.60
15.90
35.40
41.10
12.60
37.30
6.20
47.00
27.90
14.20
30.10
32.30
28.20
43.40
42.70
6.60
46.80
26.70
1.50
18.60
34.80
32.60
22.40
20.90
36.80
42.60
22.10
22.50
47.00
49.00
33.50
6.50
4.80
47.20
1.50
39.70
0.20
42.00
7.90
23.40
46.10
22.60
3.00
6.40
42.10
26.10
16.20
39.40
5.50
13.30
35.60
48.10
44.00
21.60
21.50
29.20
15.30
6.30
0.00
1.10
5.40
31.70
10.60
27.70
31.10
0.00
35.00
2.50
48.50
6.40
13.80
47.40
28.20
10.00
36.40
39.40
24.00
9.70
43.80
2.00
23.20
15.50
1.80
3.50
36.20
14.00
37.70
2.40
6.30
48.40
40.40
37.90
27.80
17.30
5.90
16.20
29.90
40.50
49.90
26.30
30.10
3.30
47.30
21.40
22.10
3.60
14.90
31.60
21.60
40.00
44.30
25.80
44.70
48.00
9.20
20.60
14.40
42.30
24.70
8.20
6.30
9.20
15.70
19.00
7.70
36.70
23.80
3.20
22.40
23.60
10.70
41.90
24.60
20.10
32.10
21.90
21.90
9.80
25.30
22.10
41.10
4.20
13.80
3.90
44.30
37.20
5.20
33.20
24.20
7.30
27.20
35.60
28.10
4.90
13.20
4.60
3.10
7.00
49.10
42.10
39.60
34.20
21.60
2.10
12.60
29.10
37.90
32.90
22.40
6.20
30.40
43.90
44.20
7.60
34.50
28.00
14.60
40.40
27.60
7.30
14.30
24.80
12.20
46.80
4.40
43.60
46.80
23.50
43.50
16.70
6.50
17.60
27.20
47.30
39.70
7.00
0.00
12.60
34.90
40.90
8.40
22.40
27.40
1.80
21.00
14.60
26.10
1.30
10.50
17.50
24.30
44.20
10.00
25.40
47.40
16.80
47.90
31.70
36.90
9.80
22.90
6.80
37.40
44.00
2.50
31.30
3.50
1.80
28.00
27.90
16.80
22.20
10.40
4.00
13.90
31.30
48.50
33.60
22.70
8.40
26.30
29.80
1.40
12.10
30.70
10.80
40.40
38.30
37.00
34.50
47.70
9.40
39.50
39.50
9.00
3.90
47.00
22.30
23.80
31.20
37.30
41.60
43.90
30.00
14.90
14.90
10.50
3.60
48.20
31.00
12.30
36.20
42.60
41.00
32.80
1.00
12.80
27.30
44.50
13.90
22.30
3.90
41.50
15.00
46.70
49.50
36.70
24.10
31.40
48.20
30.60
31.40
27.10
22.40
24.60
26.60
0.50
31.60
7.50
12.00
47.40
38.50
7.60
15.20
42.10
3.70
39.30
27.80
26.50
19.20
7.90
37.80
16.30
48.90
44.50
30.10
15.70
34.70
42.30
46.40
42.20
34.10
20.60
3.60
44.80
38.40
3.60
44.30
48.90
40.00
39.80
2.40
44.60
0.30
34.30
9.70
6.10
38.70
38.50
33.10
23.60
26.10
25.40
39.20
30.50
4.20
29.20
41.30
11.70
12.40
43.20
28.50
41.60
45.10
43.40
20.30
33.90
3.10
0.30
2.00
24.40
45.70
6.60
5.00
42.10
44.40
35.20
0.40
9.30
35.70
8.00
41.00
20.90
3.70
9.80
18.50
25.40
45.50
47.90
47.80
17.60
48.30
23.50
16.60
35.40
9.70
15.20
7.40
29.10
47.60
31.90
30.30
25.30
47.50
10.40
45.80
49.80
45.60
8.50
10.00
14.20
14.10
6.70
45.50
12.70
25.50
8.60
12.80
13.60
18.60
2.80
35.10
21.00
18.50
21.30
49.90
37.70
34.40
3.30
26.40
19.00
20.80
40.50
27.10
13.70
15.00
1.10
42.30
28.70
28.50
12.90
17.20
47.70
20.10
19.10
11.70
7.30
9.10
49.20
42.20
31.30
29.00
39.30
23.40
12.20
8.60
0.60
32.70
24.80
32.70
5.50
23.90
49.70
18.30
49.60
47.10
27.50
19.90
7.90
24.30
20.80
31.30
49.40
23.60
22.00
47.00
16.80
45.80
4.90
7.30
31.70
5.50
23.50
38.90
47.60
19.60
42.90
46.30
10.40
48.90
5.60
31.50
38.50
47.30
45.50
28.00
4.70
8.10
15.30
29.80
23.00
43.80
3.60
9.90
33.70
3.50
10.60
36.60
35.70
44.80
21.00
18.10
40.40
38.30
31.10
47.60
41.60
45.70
14.50
9.80
1.70
31.80
38.70
47.90
34.60
11.90
34.70
29.80
0.70
12.30
20.50
7.30
34.90
40.90
6.00
1.40
22.10
24.90
11.00
21.00
46.90
28.70
15.70
34.60
29.20
32.20
21.30
12.90
28.70
41.60
1.80
28.80
45.30
19.40
21.20
40.50
44.20
24.50
25.10
5.90
16.50
37.00
20.50
8.00
17.30
30.90
26.70
21.60
19.60
12.30
12.60
9.60
19.10
3.40
42.60
16.00
37.20
8.70
5.00
12.50
43.70
44.50
19.80
36.90
31.40
1.00
19.50
0.80
0.00
42.10
3.10
7.50
0.40
47.20
18.90
5.70
27.30
28.90
8.10
37.70
47.20
38.80
49.20
27.30
10.50
45.40
0.80
14.20
13.20
20.00
47.20
36.40
13.50
4.40
36.10
6.10
18.10
4.80
40.80
36.80
4.10
11.30
42.60
40.30
39.40
11.30
10.60
36.90
48.00
1.70
31.90
10.80
7.30
28.80
13.20
41.20
40.40
24.60
36.30
24.70
13.70
10.30
39.60
31.00
23.50
30.60
19.00
31.50
4.20
42.30
32.00
1.40
48.50
49.60
6.40
14.30
11.80
45.50
13.30
15.80
40.10
37.80
11.20
16.20
29.30
39.00
14.20
29.80
2.20
28.10
34.60
13.30
35.00
13.50
34.60
9.20
16.20
34.40
40.30
34.80
11.40
17.30
26.80
40.20
43.10
8.10
30.20
19.00
47.30
5.60
38.90
18.30
26.20
47.40
4.80
1.50
12.40
29.90
45.40
34.40
20.60
9.80
19.70
48.00
23.70
3.30
36.30
34.70
2.00
21.00
47.80
0.10
13.10
31.40
24.80
8.90
45.00
49.20
22.30
13.20
49.10
0.40
37.20
13.80
16.40
24.30
28.00
45.50
7.10
24.00
3.10
43.90
9.70
21.10
39.90
18.00
23.50
34.20
48.10
2.10
14.00
14.00
32.50
6.20
1.50
35.20
47.70
41.80
48.40
27.50
38.60
3.30
48.10
15.90
48.40
36.80
28.50
39.30
5.10
2.80
31.80
22.70
8.60
23.20
26.80
19.30
16.70
37.90
26.90
47.70
16.20
13.70
13.70
2.80
33.80
47.10
39.70
28.70
41.60
0.60
40.20
3.90
42.60
16.80
36.20
16.20
0.50
6.30
38.30
20.60
20.90
47.50
26.90
38.50
42.10
21.90
35.70
9.70
21.40
24.10
34.80
2.80
26.00
11.60
8.90
22.70
22.40
26.50
6.30
32.00
11.20
4.50
21.30
36.90
8.90
2.90
44.90
34.70
8.30
9.40
46.20
38.80
31.60
22.30
39.80
45.00
26.90
20.90
44.20
3.10
31.50
5.20
18.30
34.50
23.50
34.20
40.70
27.30
17.80
0.90
31.30
22.60
14.70
31.00
28.00
8.00
16.10
21.20
7.60
9.90
44.30
13.40
29.50
11.20
48.00
27.50
39.10
34.20
42.50
31.90
17.90
9.20
28.20
17.60
4.10
3.00
37.40
21.30
6.10
24.70
33.80
29.40
2.30
24.10
44.00
44.00
10.70
0.90
7.90
25.00
11.40
33.10
43.50
43.50
6.90
48.10
39.60
0.20
35.00
12.50
35.10
38.60
28.10
46.50
42.90
21.40
14.80
17.40
2.30
47.40
36.50
12.10
3.20
49.20
49.90
48.80
7.90
45.80
11.30
4.80
25.50
3.60
5.20
14.70
38.00
41.10
45.20
8.60
20.00
14.70
15.40
4.20
18.20
19.60
38.70
9.90
13.70
41.00
24.60
37.00
45.50
22.60
38.10
16.80
46.80
47.90
25.70
33.50
24.90
24.90
14.30
24.90
27.20
41.40
3.10
48.90
18.10
35.70
17.90
43.00
3.70
21.90
19.10
43.30
24.00
49.30
34.40
3.90
21.80
36.40
22.90
49.60
22.20
33.90
16.60
42.10
14.90
42.60
25.40
5.50
40.50
13.20
28.80
33.60
13.60
7.60
12.50
29.80
43.20
7.80
9.10
13.50
41.80
6.40
6.50
47.90
35.20
9.00
40.30
42.10
41.20
43.70
3.50
16.30
34.60
10.20
19.70
25.00
6.40
13.40
3.40
24.50
44.80
21.20
7.50
22.50
31.70
43.30
42.90
46.80
37.80
17.50
14.00
12.40
45.00
45.30
6.30
23.60
10.40
39.20
27.20
32.40
24.00
1.30
5.90
9.40
49.00
24.60
19.80
39.70
5.60
30.10
35.70
8.40
3.00
20.20
17.10
18.20
3.80
8.00
43.50
6.70
14.90
47.90
14.70
24.60
30.30
10.60
47.40
19.50
20.40
34.10
43.80
9.50
34.90
12.30
33.70
26.00
4.80
33.40
31.50
6.10
4.40
10.70
14.40
45.20
15.00
14.70
7.70
19.30
18.10
2.50
38.70
15.80
3.50
19.80
32.50
15.80
1.10
33.80
27.40
15.90
43.50
20.10
36.50
8.30
40.70
12.50
7.90
40.60
26.10
21.00
34.40
40.60
33.70
21.50
22.60
49.90
24.00
14.60
32.70
45.20
43.40
30.10
19.20
10.50
46.20
39.40
22.90
36.30
16.30
19.20
5.10
22.90
43.30
28.70
43.70
46.00
7.80
40.40
41.50
15.30
45.70
21.70
30.70
38.70
26.60
39.10
2.60
13.30
40.90
30.50
23.30
35.80
4.70
33.80
28.80
44.50
24.60
43.40
42.70
29.50
42.70
29.50
30.50
13.50
19.70
3.00
22.40
0.50
3.40
4.10
35.60
8.50
17.40
15.60
13.20
28.70
45.40
48.00
8.70
18.00
40.10
5.00
11.40
8.80
19.80
7.70
2.60
1.70
43.40
36.20
2.20
18.70
6.00
32.50
10.90
21.10
31.70
27.30
48.50
30.00
36.70
39.10
37.80
45.20
23.20
49.40
18.40
33.20
19.30
46.40
6.80
35.20
26.70
38.10
26.60
10.80
26.60
49.70
24.00
30.30
35.20
22.50
3.30
40.90
34.90
29.80
3.20
31.40
1.30
46.30
29.60
42.70
39.40
18.00
34.10
44.10
20.40
30.40
15.80
15.70
11.90
11.80
27.70
4.00
30.00
39.50
40.40
36.60
34.50
15.20
8.80
47.70
5.90
42.00
34.10
10.50
12.00
40.60
2.00
7.20
15.10
7.00
6.90
23.30
22.60
26.30
16.40
46.20
14.80
48.60
33.80
16.40
35.40
7.80
49.40
37.20
22.50
8.40
29.00
20.40
14.90
0.30
13.70
8.00
10.00
15.60
22.70
22.70
40.80
37.50
15.70
12.50
35.10
8.90
31.40
43.50
0.10
48.00
41.00
36.60
18.30
49.70
10.80
16.40
28.40
13.00
7.60
25.90
3.70
47.80
21.90
16.80
1.20
32.50
29.60
20.90
16.30
47.70
30.10
13.60
24.60
24.70
24.90
23.70
12.00
22.60
9.60
11.00
31.90
49.80
17.30
28.50
16.60
11.50
38.90
12.50
10.50
1.50
41.30
12.00
3.60
46.30
31.10
25.40
30.80
14.80
16.50
6.80
19.70
12.10
26.40
34.60
45.10
14.10
0.60
35.30
30.20
37.30
0.70
35.20
27.30
31.50
23.70
0.00
0.30
31.60
40.60
8.80
18.70
11.90
43.40
16.80
46.00
24.20
15.50
19.70
4.00
24.80
46.80
37.40
3.90
24.50
10.20
45.30
45.90
4.20
13.60
43.50
36.60
28.30
49.60
46.70
27.70
41.50
41.50
31.50
49.90
41.30
37.80
36.60
1.30
15.00
46.90
18.70
48.50
47.50
17.90
24.90
5.80
31.80
49.50
35.40
0.30
6.10
29.80
48.90
39.10
15.50
19.80
17.20
6.30
38.90
36.30
29.20
16.90
7.50
1.00
21.30
27.20
33.90
0.00
43.60
15.30
13.50
6.60
42.00
7.50
12.80
48.60
47.40
15.00
25.70
6.80
6.60
30.60
17.90
7.60
44.20
33.00
29.00
6.60
3.60
3.30
22.00
18.30
1.40
8.50
46.60
27.50
31.50
21.70
15.80
49.20
29.70
7.80
27.80
13.40
14.90
1.20
31.90
33.50
43.90
4.70
7.50
30.30
4.00
37.00
9.20
6.50
48.90
14.70
49.90
46.20
21.50
5.80
36.60
32.20
37.40
22.10
1.00
28.40
35.00
18.40
3.20
26.20
20.10
40.10
44.50
26.80
7.00
17.10
38.40
17.50
22.40
3.20
19.00
15.10
34.60
46.10
20.70
28.30
19.50
30.60
19.70
32.40
46.20
10.80
3.20
40.50
0.60
41.00
48.50
5.60
4.70
6.60
9.70
11.20
8.60
43.90
47.30
18.90
15.30
11.80
30.70
33.90
38.70
39.90
19.50
4.40
33.90
44.10
44.60
23.70
5.60
16.80
6.30
14.40
22.10
11.50
20.30
9.70
33.10
4.40
16.40
33.00
41.90
45.60
27.20
20.40
16.60
7.00
2.70
29.50
47.50
24.60
22.40
35.50
11.40
11.10
0.30
32.60
35.90
8.10
22.60
26.70
13.20
11.80
24.20
28.60
43.30
14.80
48.80
24.50
19.70
48.30
34.70
20.60
40.50
16.80
41.90
20.10
38.70
43.80
15.10
48.50
37.20
23.80
31.40
9.90
18.10
10.60
19.50
23.40
35.70
43.60
23.20
32.80
22.20
49.70
16.00
18.30
33.30
9.30
25.30
33.30
40.60
6.90
16.10
3.80
45.50
19.20
25.60
13.70
5.30
44.90
40.60
8.80
39.30
2.80
45.30
30.60
3.60
32.60
25.90
30.10
21.80
33.30
33.50
12.50
14.00
46.30
4.40
34.80
7.80
5.70
22.60
1.60
13.80
45.60
14.40
13.80
21.70
10.50
28.70
37.80
37.90
34.40
11.00
14.00
31.10
27.30
17.70
44.10
44.90
23.00
26.80
26.90
7.50
22.70
30.00
33.70
14.90
37.20
39.30
35.90
36.60
8.40
45.50
43.60
16.60
8.60
12.20
3.70
6.10
30.40
28.00
15.20
8.50
37.80
30.10
1.30
4.50
10.00
43.00
41.80
27.20
42.50
11.30
7.00
44.10
21.00
7.90
43.40
38.20
49.40
29.50
29.50
30.10
12.90
24.80
49.80
35.60
45.70
33.90
49.90
35.30
47.60
39.70
44.40
17.20
11.90
24.50
28.80
14.70
13.20
0.50
14.90
44.30
9.70
32.40
8.10
4.20
2.40
25.30
39.70
29.90
19.40
22.30
41.60
32.50
15.50
39.10
7.70
41.50
23.20
22.60
31.40
14.20
33.70
4.30
40.70
1.40
28.10
9.10
23.50
19.70
40.10
22.90
23.70
37.80
23.10
20.70
20.70
3.50
31.40
42.00
3.10
9.70
22.60
5.90
30.70
1.70
10.90
38.50
29.70
43.00
23.00
16.60
6.00
42.00
21.00
25.20
30.70
41.50
24.90
17.90
47.70
8.70
17.90
41.90
42.20
21.50
35.40
38.30
10.20
38.90
33.30
42.10
6.30
9.70
43.90
15.40
16.80
46.90
0.90
1.30
21.10
0.70
4.30
47.20
8.30
13.50
31.40
11.40
12.80
26.20
28.20
34.10
30.80
5.20
32.30
48.50
49.40
38.80
47.70
36.40
27.40
38.00
38.70
12.60
45.80
45.20
49.80
41.70
39.10
27.20
42.20
42.40
36.90
36.90
27.50
6.60
49.70
38.00
18.10
35.40
19.20
29.20
47.00
36.60
33.30
42.50
18.70
21.80
48.50
32.50
29.80
3.00
20.10
47.30
6.70
0.30
47.90
37.10
2.50
23.80
7.70
43.70
34.90
24.00
24.20
19.10
4.50
37.70
14.40
17.10
8.10
11.00
12.80
34.50
22.40
4.00
22.90
9.40
6.90
42.80
7.30
42.80
17.90
6.50
44.80
38.40
6.00
2.80
25.40
12.20
37.40
16.20
5.30
21.30
37.30
33.20
24.00
38.60
47.10
8.10
40.90
24.00
2.00
22.50
22.50
31.40
47.90
35.90
49.50
39.50
2.00
36.50
44.10
11.10
46.40
45.50
8.60
18.70
21.60