Manaus - Temperaturas:
11.80
37.80
41.90
34.70
33.90
31.80
38.80
46.10
41.50
14.10
41.50
46.90
45.60
8.20
15.90
15.50
47.00
18.10
37.70
37.70
45.00
42.30
34.40
13.90
0.10
2.70
17.00
34.90
8.80
37.10
42.10
33.70
22.50
22.50
3.20
16.50
30.70
27.00
32.60
32.60
14.80
9.30
17.60
20.60
6.70
29.80
28.40
41.40
38.90
8.70
46.30
47.70
4.70
35.80
31.40
3.80
2.40
4.60
23.80
18.70
9.70
29.80
10.50
11.50
39.30
21.10
11.90
31.30
9.10
19.50
47.70
11.60
3.00
44.30
1.40
32.20
46.50
32.60
38.40
34.00
12.50
5.10
22.10
20.60
17.50
22.10
39.60
15.20
29.20
3.90
42.10
14.30
16.20
48.80
35.00
32.60
25.90
25.90
10.20
5.70
5.70
0.60
24.40
11.50
28.80
2.10
29.60
2.20
31.30
17.00
33.10
36.60
27.80
7.10
9.80
44.90
34.30
25.90
25.90
37.60
38.40
28.70
22.60
38.40
49.90
40.10
18.50
6.10
22.70
1.40
3.40
35.00
33.90
10.90
0.10
10.90
36.90
5.70
27.90
45.90
4.00
10.70
26.60
5.70
31.30
2.70
32.50
3.70
18.00
44.90
23.90
2.60
6.70
12.30
24.90
24.90
1.60
32.80
20.20
10.90
9.00
39.00
17.40
38.30
35.70
25.90
4.00
49.60
36.50
5.30
34.80
7.90
3.70
34.40
49.00
7.10
10.30
11.20
31.70
42.40
0.10
45.00
1.50
6.60
47.80
0.80
0.90
36.60
46.40
49.30
20.90
20.80
27.90
39.50
23.60
28.90
22.90
31.40
11.00
6.00
43.80
4.50
44.70
22.60
23.80
23.80
9.00
1.90
17.90
18.20
38.20
28.40
18.80
0.40
2.80
39.80
8.90
32.10
32.10
33.90
0.70
22.10
41.60
1.50
19.20
11.60
46.80
45.50
1.30
7.70
26.50
43.50
3.40
42.50
41.70
36.50
40.60
11.60
10.50
10.50
2.90
10.70
36.80
16.30
30.30
39.30
13.10
40.30
7.90
41.20
3.20
20.90
5.90
5.90
40.50
28.70
4.80
4.00
14.50
19.70
18.80
49.80
35.40
30.00
4.90
44.40
19.80
18.70
27.10
5.60
41.00
19.70
33.10
41.00
47.50
15.80
32.90
32.80
0.20
1.70
29.10
19.70
11.00
41.80
19.80
9.80
15.70
2.10
1.20
37.90
37.90
19.20
30.20
32.70
33.90
5.20
0.10
24.30
43.60
19.60
34.20
6.70
38.40
28.20
43.00
22.70
20.50
20.50
9.90
46.10
4.30
22.70
49.90
34.80
38.60
23.80
36.60
49.60
10.20
0.50
40.90
30.30
26.00
24.70
21.00
35.00
3.00
49.90
1.60
3.30
39.60
39.60
30.20
27.20
21.00
6.00
16.50
4.50
36.10
21.10
45.20
2.50
25.80
25.80
39.90
1.90
13.00
20.40
24.20
42.10
32.90
3.50
11.70
38.30
26.10
19.40
1.90
36.40
14.00
9.90
26.30
33.30
18.10
23.70
30.30
47.30
22.60
17.30
47.40
13.80
45.80
33.40
45.80
25.50
5.90
26.00
47.80
0.60
36.80
28.60
40.30
8.40
36.40
35.70
35.00
23.10
35.00
35.00
13.90
22.50
32.20
29.90
43.00
13.80
13.80
12.40
19.80
0.20
34.50
28.30
41.40
18.70
12.40
6.30
15.30
15.30
44.00
13.90
42.00
16.60
9.10
16.10
48.30
27.20
3.20
34.50
32.00
11.80
47.60
25.80
49.00
34.70
33.30
6.00
28.30
12.70
5.50
22.40
14.10
28.10
10.70
19.40
37.00
43.50
30.00
26.60
26.60
10.00
19.20
39.30
3.60
49.20
12.20
34.20
40.80
6.80
7.80
27.70
19.50
3.00
47.30
15.60
49.00
30.20
36.50
10.40
42.50
27.90
14.60
30.50
26.90
49.00
47.70
0.70
20.80
39.30
23.30
27.90
43.80
40.60
27.30
27.30
24.50
39.50
15.90
20.40
18.60
49.40
32.00
44.00
0.70
46.90
27.30
30.00
12.80
38.70
38.70
13.70
34.30
7.00
29.00
35.10
12.10
35.70
36.70
10.50
3.70
39.20
24.70
47.30
25.00
26.40
12.70
44.80
0.00
45.60
18.10
1.30
18.20
46.10
0.70
0.40
26.10
18.60
9.10
48.40
10.70
27.80
5.80
27.80
5.50
5.60
46.80
47.80
48.60
48.60
27.70
22.30
10.10
18.40
17.20
15.90
45.70
9.40
21.30
40.10
27.30
27.30
4.60
39.40
11.30
44.30
16.90
7.70
47.70
13.60
22.30
29.50
49.40
37.90
22.50
2.20
13.40
14.90
46.80
45.70
10.50
25.60
19.70
48.80
27.00
40.60
25.50
38.20
46.30
0.90
42.20
42.20
9.20
26.60
12.70
14.20
39.80
3.10
24.60
49.10
28.80
45.80
8.30
7.80
44.40
44.40
23.00
19.80
45.60
43.40
9.90
21.50
43.20
33.10
28.50
31.90
38.50
30.90
39.20
49.50
39.60
39.60
9.60
10.60
41.60
8.90
34.10
46.10
9.90
43.30
7.40
30.90
37.00
0.50
39.20
39.00
17.10
17.10
3.60
12.90
1.10
21.30
45.20
11.70
14.40
23.50
20.80
19.40
20.20
38.20
44.40
10.10
24.30
24.70
46.60
7.60
37.50
48.40
42.60
0.80
28.80
43.10
13.60
13.70
6.70
6.70
16.80
11.80
11.80
47.70
46.30
41.00
9.60
38.60
34.70
34.70
6.50
31.20
42.70
17.40
14.90
18.70
19.00
2.60
25.50
9.40
21.40
24.20
22.60
33.80
29.10
4.40
27.20
18.10
33.80
1.10
26.20
2.10
46.80
35.80
23.00
16.20
38.40
10.90
10.90
10.90
38.90
7.30
22.60
28.00
20.00
44.90
44.30
19.20
17.10
28.00
41.00
8.60
39.70
49.60
32.70
10.30
1.10
38.00
32.10
49.40
24.10
16.70
2.50
20.00
38.10
11.20
21.70
48.60
45.70
44.70
49.40
47.20
49.30
5.90
37.50
44.10
40.10
32.40
37.70
23.20
5.20
35.60
30.30
4.40
6.90
4.00
31.30
29.40
1.30
42.40
32.40
42.30
36.40
10.40
25.20
2.10
37.40
28.40
20.40
37.80
48.30
9.60
38.40
13.30
8.00
0.50
40.50
35.20
19.10
16.60
37.50
37.20
22.50
21.40
37.50
5.10
21.10
42.20
6.80
23.50
47.20
21.80
33.40
2.90
32.30
4.20
8.90
49.10
46.90
30.40
33.20
26.60
45.50
48.70
5.50
18.10
0.60
18.10
0.00
35.80
49.70
48.80
48.80
29.90
36.00
43.60
7.60
15.50
8.70
38.40
9.40
17.40
22.20
9.20
38.00
14.80
14.70
35.40
35.40
19.80
15.40
47.00
47.20
11.50
24.90
17.20
34.10
17.80
14.70
46.10
8.10
20.20
20.20
30.20
33.30
0.80
43.80
7.80
7.80
6.60
42.10
47.00
26.00
26.00
3.20
23.30
6.10
28.20
13.20
25.10
8.40
8.40
34.20
40.30
32.70
49.40
32.70
45.60
40.50
28.80
17.00
10.30
6.10
22.40
14.10
26.80
38.30
10.80
25.90
42.70
27.60
46.30
44.20
38.00
6.30
46.60
39.50
18.60
9.20
39.70
48.70
24.30
44.40
22.00
9.20
42.40
5.90
15.00
23.20
38.50
4.80
4.60
19.90
18.60
6.60
33.10
45.00
7.80
24.70
45.30
41.80
42.50
12.80
8.40
9.40
46.20
44.80
46.00
18.20
5.80
15.70
38.80
16.30
33.00
26.10
38.00
22.30
36.00
36.00
35.10
33.90
14.70
23.30
9.00
41.80
4.70
41.80
47.80
49.10
14.20
35.30
46.00
27.10
26.10
42.70
42.70
10.60
48.20
23.30
34.30
42.40
20.80
49.60
31.90
42.40
25.20
31.90
32.50
7.10
32.50
33.50
13.70
13.70
43.20
8.10
11.80
5.80
5.80
43.80
41.10
44.80
12.60
20.80
1.40
38.30
4.40
9.50
38.80
13.50
41.20
9.20
21.40
25.40
18.20
28.00
10.00
0.90
4.10
9.40
8.10
5.10
15.00
2.20
30.90
6.80
14.10
37.80
10.70
18.90
15.40
11.10
33.60
13.60
3.60
3.20
24.90
21.10
35.90
10.70
45.80
0.50
1.20
28.30
39.30
27.50
13.70
13.90
45.90
10.80
25.00
46.90
8.50
15.20
16.80
0.50
10.50
28.90
8.40
32.70
26.60
44.20
4.60
36.60
23.80
24.90
24.90
25.40
15.20
38.80
17.30
41.20
43.20
14.90
30.80
35.60
29.40
9.00
26.90
8.00
45.10
6.60
21.80
31.80
4.70
24.60
22.00
10.00
37.80
29.00
36.30
35.00
17.00
39.80
27.80
38.60
25.40
18.40
37.40
48.40
6.30
4.10
19.00
42.10
35.10
39.10
43.70
28.20
15.70
24.90
22.70
5.90
35.70
49.30
12.20
1.00
31.30
12.70
10.10
46.20
38.30
48.90
6.30
12.20
7.20
23.60
14.60
29.60
37.70
5.90
13.10
12.50
16.80
18.50
37.40
19.90
33.60
16.80
3.10
6.90
19.40
20.10
6.20
4.20
35.80
30.90
22.80
40.10
19.20
3.40
38.20
10.10
34.50
26.10
26.70
42.70
19.20
15.40
10.60
13.60
44.10
49.10
34.80
26.70
20.90
9.70
26.40
3.00
15.20
28.40
9.10
17.40
11.00
49.30
38.70
29.90
35.70
23.60
4.70
24.80
45.10
9.50
33.50
17.80
15.30
34.70
36.90
36.90
38.40
33.30
45.00
9.90
13.60
24.80
4.70
10.10
42.60
27.40
20.90
2.90
47.60
27.00
16.40
18.00
4.30
11.60
4.30
39.30
19.70
5.10
16.30
9.10
4.90
12.20
46.80
32.70
44.50
30.60
41.60
32.10
14.50
32.10
28.10
9.40
31.00
28.60
10.70
21.50
9.80
46.10
38.80
9.70
37.50
41.10
33.30
31.90
17.90
16.60
25.20
25.20
49.00
14.90
27.10
29.40
35.30
47.00
28.90
44.10
43.30
30.50
37.00
31.20
19.60
45.40
11.80
4.80
5.50
28.90
20.40
27.10
29.10
37.30
13.50
49.10
49.10
18.60
22.90
21.20
12.40
32.80
1.30
40.20
8.30
17.20
5.30
31.10
3.20
11.90
28.50
25.30
20.40
31.50
30.50
13.60
26.80
27.00
35.80
39.50
40.70
38.70
30.30
48.30
28.50
4.50
23.60
15.10
42.20
48.40
2.80
8.30
13.50
24.40
15.20
41.60
0.90
13.30
25.60
11.90
24.00
14.30
30.90
44.00
21.30
3.50
7.20
40.10
13.50
43.90
22.60
21.30
48.50
29.60
29.50
43.80
42.90
39.50
43.70
3.20
34.00
34.00
26.30
10.00
8.00
43.00
46.30
29.10
40.90
40.90
11.30
48.90
40.00
17.90
25.40
21.90
22.60
32.60
13.80
16.20
48.90
48.90
3.10
20.70
3.10
20.70
1.80
45.60
46.10
36.00
17.60
20.40
5.30
29.10
46.90
37.40
32.40
34.50
24.90
45.50
26.20
10.90
27.40
44.80
18.00
25.40
46.00
24.40
30.00
31.10
24.40
30.00
11.00
1.40
28.30
9.70
16.60
38.40
18.80
4.80
31.20
45.70
39.60
31.30
9.20
15.90
40.90
7.30
34.70
33.50
48.80
39.90
1.50
46.70
30.70
20.10
41.10
17.20
9.20
30.20
46.40
15.60
6.00
40.10
11.40
25.30
39.30
18.50
41.30
28.80
12.80
48.80
8.20
19.40
11.70
10.20
31.60
32.30
26.90
6.20
6.20
10.60
33.30
24.30
31.80
37.90
43.30
5.40
32.90
47.60
2.20
12.70
10.50
15.90
0.20
35.80
1.40
35.60
37.00
40.10
45.70
18.30
48.00
42.00
20.80
1.10
41.50
4.00
0.30
22.40
25.70
34.40
12.10
40.20
0.10
20.40
7.20
41.90
3.20
11.60
16.80
0.60
25.40
43.90
25.20
13.50
49.90
27.70
41.70
45.00
49.80
12.70
23.90
33.70
12.50
36.80
32.70
2.30
13.40
1.10
36.20
27.70
19.00
23.20
42.50
39.70
14.80
12.80
36.50
5.30
39.00
16.60
35.40
37.60
29.30
47.10
33.60
14.50
44.60
21.20
48.30
16.20
45.60
44.60
29.40
32.80
41.90
47.50
37.50
31.90
24.10
39.70
25.90
17.50
19.00
19.00
31.20
43.10
22.60
35.90
46.60
19.30
46.70
1.30
15.70
7.10
3.40
48.80
25.10
14.70
18.50
15.20
39.60
5.50
2.10
29.40
27.00
2.40
28.50
18.20
36.00
26.40
18.70
35.80
23.20
24.50
35.20
14.00
1.20
33.10
33.10
13.60
11.00
43.80
8.30
34.90
34.90
45.10
12.60
22.40
32.10
36.70
21.40
32.50
0.70
16.90
9.40
40.70
47.30
43.00
20.90
4.00
24.80
12.80
47.50
35.40
32.70
6.30
36.80
27.30
4.00
48.70
48.70
20.40
12.70
33.20
25.20
5.10
22.10
4.40
29.60
30.40
27.80
22.90
8.90
26.80
15.70
33.60
47.90
36.20
31.50
28.20
15.40
14.00
27.70
22.00
43.00
34.90
32.20
28.00
28.70
45.20
48.80
26.90
17.80
6.40
10.40
40.60
18.90
5.20
26.00
14.10
20.70
10.50
20.40
28.40
48.60
9.00
5.90
7.30
49.00
49.60
45.40
47.70
40.40
11.00
1.40
18.40
7.50
29.30
3.70
6.30
44.50
26.00
23.30
30.40
47.50
44.90
44.90
17.80
41.30
11.10
10.20
29.50
35.70
34.40
31.20
32.20
13.60
38.20
18.90
4.60
22.70
25.90
7.00
10.50
10.50
34.90
45.10
4.20
28.50
15.60
4.20
47.90
14.50
12.00
15.70
14.50
35.60
31.70
2.90
14.10
48.30
40.00
12.60
2.90
12.30
11.70
23.60
21.80
25.80
9.50
15.50
44.10
7.60
37.00
6.50
35.20
36.30
45.50
47.90
24.70
41.70
24.10
36.30
40.30
14.50
10.90
4.90
45.30
35.70
48.80
18.60
35.90
14.00
27.90
19.90
27.90
17.30
11.20
27.30
20.10
22.70
7.40
7.50
34.10
11.10
30.30
46.80
3.60
28.80
9.00
43.10
45.10
17.60
18.80
26.40
6.80
25.60
7.40
49.40
27.80
33.40
15.40
47.50
31.10
12.10
13.80
5.00
32.70
22.90
26.90
21.30
35.10
29.10
10.20
39.40
25.00
26.70
33.10
48.80
48.60
3.80
48.30
8.60
9.60
21.30
13.20
14.50
36.80
22.80
23.50
4.00
14.70
23.90
46.00
46.00
17.30
24.90
44.80
26.60
40.70
31.20
23.90
9.60
16.60
28.40
24.60
18.90
39.10
17.10
8.30
13.20
13.20
42.50
13.50
15.80
43.20
30.60
15.70
7.50
14.50
9.40
18.00
7.70
25.20
40.80
18.80
49.70
31.50
5.40
11.20
30.00
13.80
13.80
29.60
45.60
36.00
40.50
8.40
0.30
3.90
48.40
6.80
11.40
38.10
34.40
46.20
44.40
2.20
7.90
24.70
29.60
37.70
37.20
31.80
36.00
36.40
20.00
30.40
17.10
36.20
41.50
41.60
13.50
48.00
2.00
4.90
6.80
35.70
35.20
1.00
18.50
42.80
46.10
19.20
15.70
18.30
45.90
49.70
10.10
11.20
20.40
26.00
13.90
47.60
31.10
37.10
4.70
17.90
2.90
36.70
17.70
11.70
39.50
8.90
32.50
46.90
9.30
45.70
19.50
9.40
33.00
10.30
33.00
10.30
45.40
43.00
32.30
30.60
33.00
1.60
14.00
8.70
20.00
0.30
32.70
32.50
35.30
13.20
35.10
39.90
28.80
19.30
30.50
42.30
49.20
22.70
0.70
27.60
9.80
25.80
22.50
49.90
41.30
39.80
15.00
5.10
47.10
8.70
41.80
48.80
34.90
31.90
1.80
42.00
22.90
47.80
4.60
20.20
32.70
12.40
15.80
12.50
19.60
28.80
9.60
28.80
0.30
32.90
44.50
44.50
32.00
13.00
12.70
45.90
49.00
18.20
34.60
28.40
16.90
6.30
45.10
23.90
7.70
33.00
2.70
5.40
34.50
4.90
6.90
35.90
16.70
10.70
13.70
37.60
6.60
47.70
17.60
31.10
20.40
29.70
9.70
3.10
7.80
36.50
29.90
1.40
25.70
23.50
33.30
2.60
2.20
6.20
2.70
23.50
13.00
35.40
23.50
29.90
37.00
32.90
21.20
25.10
33.80
16.30
33.10
33.30
33.30
9.50
25.80
12.70
12.70
30.40
17.80
47.30
20.90
1.60
35.40
14.50
49.70
43.40
21.40
3.80
39.30
6.00
0.00
34.60
11.60
10.90
18.10
21.10
35.10
29.30
7.10
33.30
15.40
11.00
0.90
11.00
15.90
29.70
6.80
22.80
36.40
18.70
37.70
38.60
42.00
33.10
23.70
14.00
17.40
2.30
16.90
6.90
16.00
8.60
18.70
17.90
46.30
10.20
41.30
3.30
33.40
6.60
44.30
34.60
35.30
26.20
37.90
41.80
22.90
28.10
41.80
21.10
39.70
24.00
1.90
12.60
12.60
23.50
13.50
41.90
25.10
23.50
24.50
32.90
4.30
41.70
2.30
12.70
12.70
36.80
27.30
48.70
37.10
21.40
39.90
1.50
11.20
14.60
28.10
43.90
36.90
21.20
34.30
3.30
20.30
39.40
19.60
43.20
3.50
34.10
27.00
22.30
31.50
28.70
10.40
6.10
10.00
12.60
30.20
21.80
21.20
26.10
13.80
33.80
26.40
17.90
7.60
37.50
37.00
17.40
11.60
17.50
5.20
21.80
33.30
21.00
1.80
8.70
8.70
36.30
31.50
38.50
26.70
31.50
35.90
27.80
46.40
2.00
28.30
43.70
3.90
20.40
1.20
12.90
42.90
48.30
20.20
14.90
25.50
39.70
6.80
2.50
30.20
18.50
24.90
16.70
49.20
3.00
8.50
14.30
49.70
36.70
39.10
23.20
43.40
35.20
0.70
45.40
29.60
16.50
40.70
15.20
5.10
34.10
34.60
44.10
23.40
38.50
17.10
40.30
42.60
46.30
39.20
23.80
31.80
44.40
37.80
27.00
31.60
9.70
10.60
6.90
25.50
30.60
32.80
7.10
34.40
8.00
14.00
29.80
13.60
12.70
12.80
12.30
6.20
40.00
18.60
8.50
17.50
39.30
17.50
39.30
1.10
24.30
19.60
7.00
37.20
19.60
45.70
7.40
43.30
33.40
30.30
22.40
43.70
3.80
39.60
39.80
1.20
18.80
31.40
8.40
48.70
13.20
36.80
21.00
0.50
10.50
1.80
20.90
20.90
45.40
24.70
12.30
41.10
1.50
5.00
14.70
14.40
42.90
12.80
45.50
39.50
25.30
1.50
0.30
3.80
49.80
1.00
15.70
5.10
19.00
17.20
37.80
25.60
6.90
24.10
0.20
37.50
5.00
14.60
6.00
25.40
6.50
19.90
31.20
49.50
25.80
39.60
31.40
11.90
40.10
30.60
42.80
48.00
46.40
42.70
3.40
1.30
2.10
23.90
33.10
16.90
49.70
42.70
16.20
2.20
17.40
6.50
16.80
20.80
37.10
0.60
48.80
45.40
48.80
22.50
12.00
31.50
49.20
4.60
13.80
40.10
44.90
34.00
13.90
43.50
23.10
19.20
14.70
4.90
33.60
33.50
11.50
0.00
0.40
18.10
37.70
18.90
32.00
41.80
23.10
14.60
19.70
28.90
40.60
40.60
6.70
12.50
12.60
45.70
31.10
6.30
14.70
22.00
14.60
8.80
25.60
5.90
39.90
15.30
48.50
5.80
37.20
30.60
37.30
27.30
5.80
17.30
27.70
12.00
0.00
49.80
2.40
38.00
41.70
21.00
22.10
29.30
48.10
7.20
40.30
46.50
24.30
37.20
30.60
5.90
26.30
38.50
4.10
6.00
16.80
36.00
12.70
11.00
46.50
15.00
4.70
40.60
30.70
27.90
25.70
9.40
26.60
26.60
25.10
41.50
22.60
5.30
31.50
5.70
25.20
42.30
26.50
10.20
44.60
20.80
16.00
38.50
30.60
27.70
2.70
13.20
12.30
17.50
36.30
32.80
4.10
21.30
21.50
23.00
14.80
34.70
17.60
20.30
24.20
44.30
19.40
43.40
14.30
15.40
2.00
39.30
30.70
3.00
43.60
47.30
28.30
23.20
23.30
2.30
5.90
15.90
27.90
1.40
1.40
34.70
26.20
19.50
38.30
43.30
2.30
6.70
21.40
37.60
38.20
13.50
9.00
30.30
22.20
48.60
43.50
31.70
31.10
5.20
21.00
3.50
3.00
21.20
36.80
46.40
20.80
49.40
27.30
36.40
33.10
46.40
23.10
19.20
38.50
2.70
21.20
38.30
35.80
8.80
17.10
25.70
13.40
46.60
33.50
49.60
19.10
3.30
37.60
21.40
38.70
4.40
3.10
43.20
21.60
46.30
4.60
38.40
17.50
44.70
7.10
41.20
44.90
37.00
34.00
48.50
27.30
21.50
34.40
14.00
14.90
28.60
41.40
7.60
19.60
19.60
42.00
18.60
14.60
23.40
32.00
29.80
46.50
38.90
45.60
38.30
6.80
0.50
33.20
37.50
47.60
37.20
24.70
24.70
16.10
38.20
48.70
17.20
7.50
22.00
35.80
47.40
48.60
31.60
14.20
42.40
9.30
9.30
19.90
8.90
47.30
47.50
24.60
14.30
20.80
30.10
37.50
3.10
39.10
6.70
24.00
25.80
21.50
46.60
41.90
28.20
41.40
0.20
22.30
36.30
2.60
14.50
31.10
40.90
34.90
19.90
6.10
29.20
42.50
0.60
16.50
4.10
46.80
45.70
16.40
47.40
20.80
22.80
31.50
42.70
41.10
43.10
17.70
38.60
28.80
28.80
44.40
9.30
32.20
40.10
28.60
28.60
16.50
28.70
4.90
21.60
17.70
19.70
22.90
39.90
21.90
29.70
6.60
0.50
32.20
34.60
32.60
6.00
41.70
20.70
32.50
32.50
39.70
44.40
33.70
30.50
32.90
35.30
15.60
17.00
0.10
41.60
37.30
46.90
19.60
7.10
44.10
44.10
11.90
48.40
17.40
28.80
21.20
46.60
18.30
24.40
14.20
16.50
11.90
7.00
6.40
14.60
48.50
46.50
34.60
10.20
16.20
48.50
10.20
12.70
25.90
21.00
34.60
7.00
1.60
1.60
26.50
3.40
36.00
30.50
5.70
49.60
8.50
17.30
12.20
23.40
33.00
32.70
31.60
37.20
22.20
7.50
26.70
23.90
31.30
48.80
34.40
40.80
40.80
35.80
47.60
20.50
20.50
20.70
0.10
4.30
4.30
3.70
8.20
29.20
19.20
1.10
8.00
48.20
13.90
43.20
17.20
37.80
13.90
34.60
35.20
31.70
14.80
10.80
4.10
42.80
2.30
30.10
28.70
38.10
18.70
18.70
18.50
17.70
26.60
34.20
10.10
46.10
38.50
37.10
17.00
18.30
22.00
24.90
20.50
17.20
36.00
34.10
33.10
26.80
26.80
20.80
39.20
40.10
3.00
9.80
4.80
44.00
32.20
45.70
44.60
29.10
8.50
26.30
13.80
36.10
23.90
21.10
40.30
21.10
40.30
12.40
42.30
4.00
6.80
8.90
13.20
35.90
34.00
17.70
36.10
19.00
3.70
45.80
6.70
25.00
38.50
16.80
33.70
15.40
48.20
17.10
0.30
15.80
23.20
28.80
10.30
22.10
30.10
30.10
41.60
31.70
38.10
7.00
43.90
3.50
34.90
30.20
10.00
0.20
35.90
7.20
1.60
0.80
33.90
21.80
16.90
13.80
12.60
49.50
25.10
30.30
43.10
28.50
24.50
14.40
12.90
34.50
49.00
11.70
14.60
15.50
3.50
22.90
5.70
29.40
11.40
2.50
40.70
39.20
0.40
43.70
28.30
8.00
8.30
8.00
32.80
3.50
2.20
45.00
25.50
32.90
8.30
19.50
30.80
21.00
37.90
9.30
45.30
22.10
6.70
13.60
17.00
25.70
8.90
34.10
4.60
23.20
22.10
1.50
0.20
12.20
20.70
22.50
10.50
44.40
1.90
20.20
40.60
32.50
29.00
3.30
48.20
32.90
11.10
17.80
2.00
25.30
11.60
30.50
11.60
30.50
15.80
33.20
1.50
10.80
48.00
48.00
19.10
30.50
38.30
22.40
10.20
4.00
27.70
23.50
13.60
48.20
46.00
25.80
17.60
36.00
34.80
30.90
12.90
11.20
25.50
22.80
21.70
34.60
2.60
6.00
47.30
42.40
6.50
25.80
37.40
22.40
22.40
1.00
33.00
31.90
26.20
16.40
29.60
49.80
49.10
28.10
42.30
19.70
13.00
8.40
9.80
31.20
24.80
0.20
32.90
43.30
14.50
33.00
20.40
33.20
28.20
40.70
33.20
28.20
39.40
27.90
15.30
14.40
26.00
11.60
34.30
45.40
45.50
4.50
31.60
29.40
31.20
46.70
17.90
5.30
5.10
49.20
49.40
31.80
36.60
45.80
0.80
44.60
32.50
23.30
4.30
28.70
42.00
4.50
33.80
34.70
6.10
13.60
34.50
7.40
35.80
24.20
22.00
27.20
22.40
4.60
14.80
4.10
9.60
4.10
11.90
22.70
18.20
5.30
30.90
33.30
27.70
9.40
8.30
18.50
49.00
28.30
16.80
6.90
12.10
1.60
21.80
36.60
20.40
45.60
39.20
15.10
3.50
3.10
7.20
24.30
45.80
33.30
5.80
31.50
25.10
37.10
30.50
39.70
39.70
5.10
41.90
29.20
45.10
35.00
3.40
3.30
37.70
31.30
49.90
30.40
37.80
34.10
8.00
8.30
24.80
20.40
13.60
13.60
13.60
32.50
6.00
3.60
41.50
24.00
3.90
0.50
28.00
0.80
12.10
30.60
45.30
46.60
23.00
22.60
43.20
1.70
1.50
43.90
24.90
27.50
40.90
32.20
42.60
20.50
6.20
45.70
11.70
6.90
25.20
31.60
42.10
8.20
8.20
39.40
30.80
36.00
39.20
1.20
48.40
45.00
36.90
3.30
31.30
25.10
28.70
28.70
18.20
44.50
1.30
42.70
33.60
8.00
17.40
6.60
5.80
47.30
29.80
7.30
23.50
40.60
10.10
3.70
3.70
45.60
10.40
14.90
39.30
20.00
47.50
29.80
48.50
48.20
32.40
23.00
3.80
47.80
22.20
36.70
37.80
49.60
21.00
16.60
13.80
44.30
24.40
49.50
41.60
23.50
26.10
6.10
11.90
44.80
24.80
15.00
2.20
23.00
29.50
42.20
46.20
46.20
33.60
13.20
46.20
48.40
4.70
13.10
29.70
3.80
15.60
23.30
10.50
43.10
29.50
23.80
38.40
4.90
21.50
38.50
1.40
31.70
32.30
1.10
23.30
20.80
40.20
18.40
30.30
42.50
30.30
14.10
43.90
15.30
19.70
21.00
21.00
32.90
23.00
32.30
3.50
30.60
34.40
49.70
24.20
38.80
28.00
41.40
8.40
26.90
30.70
12.80
49.10
17.00
16.70
30.90
47.20
42.60
34.30
10.00
22.90
11.30
4.20
18.80
35.00
48.20
26.40
22.60
34.80
27.50
16.40
35.00
9.40
46.70
9.50
21.00
32.00
16.10
21.60
14.10
26.10
1.70
40.80
29.60
21.40
24.30
10.50
18.80
17.60
22.80
0.20
17.10
10.70
10.30
29.80
23.40
35.30
44.70
8.90
11.50
47.60
6.40
41.60
44.80
29.90
22.80
32.30
22.80
7.10
18.20
40.60
40.00
43.10
5.80
43.10
36.80
31.90
25.80
15.80
4.60
27.40
8.10
39.60
1.40
23.80
23.80
43.00
0.60
30.60
1.10
9.50
25.80
11.50
25.80
11.50
27.80
27.80
9.40
7.70
29.10
25.30
41.50
11.00
27.40
48.00
18.00
2.40
34.80
39.10
3.90
31.40
16.70
6.30
6.30
29.70
11.50
8.40
38.90
3.60
46.00
31.20
22.50
48.70
48.90
33.30
40.70
26.20
23.00
38.90
23.20
17.90
18.30
11.30
37.00
35.40
25.50
31.60
0.20
30.30
31.30
37.30
47.80
16.30
39.60
42.40
32.00
34.60
29.30
11.80
14.20
49.40
16.70
22.10
27.40
49.60
8.90
40.20
22.40
38.80
36.00
10.90
25.10
3.50
48.50
33.70
30.80
38.30
47.20
30.30
34.00
37.50
25.30
23.40
28.60
6.60
6.10
45.10
43.80
22.50
41.10
20.90
16.90
15.00
13.60
48.80
34.30
12.10
21.10
28.90
0.70
38.80
42.50
9.60
17.90
29.60
19.50
18.10
35.50
46.90
13.00
18.80
8.40
8.90
35.30
11.40
11.80
37.70
4.20
26.60
23.20
27.20
39.70
43.90
14.30
39.90
32.80
32.80
1.40
23.90
24.00
12.80
42.20
5.50
29.80
29.80
22.50
31.40
27.10
35.40
35.40
44.60
38.40
45.70
47.20
22.70
44.00
17.30
18.70
30.60
46.50
49.40
48.30
28.70
30.70
43.60
37.20
37.20
6.40
9.10
4.40
41.60
37.50
37.50
46.50
3.90
27.70
6.60
2.40
2.20
47.40
9.00
22.60
49.90
37.10
23.00
13.40
3.30
28.70
23.50
1.90
45.70
11.50
5.80
2.20
22.80
10.70
19.80
21.00
12.90
23.10
46.40
41.60
42.20
37.00
40.30
38.00
23.70
39.60
3.70
47.20
7.10
36.80
40.30
37.00
37.00
28.10
34.00
41.30
13.10
2.40
36.60
24.40
46.40
40.80
46.70
1.20
43.80
0.40
39.50
41.40
26.70
44.80
13.20
14.40
49.80
11.70
0.40
39.00
42.30
42.30
40.80
35.10
12.70
3.40
43.90
37.80
38.90
1.00
17.70
35.10
44.30
30.00
11.00
15.30
17.00
30.70
24.30
26.30
45.10
20.10
29.00
35.70
21.40
21.40
1.20
33.10
32.40
31.40
4.00
18.70
22.90
37.60
41.50
8.70
34.90
33.80
40.90
3.50
35.60
39.60
2.00
46.00
21.00
30.90
32.90
19.30
31.20
0.30
9.30
5.90
7.30
22.90
40.70
22.90
44.50
40.40
46.40
17.40
9.00
23.60
11.80
28.40
25.10
31.60
16.60
23.60
24.80
19.20
46.30
46.20
29.30
22.00
28.20
26.00
25.40
32.80
9.90
29.90
45.50
14.60
36.70
13.50
17.80
24.60
24.10
15.50
17.00
33.70
10.20
30.00
49.40
35.30
46.30
11.80
20.10
4.70
12.20
41.50
2.60
0.60
34.20
48.50
15.20
34.20
48.50
26.70
33.00
12.60
26.40
16.20
43.30
14.70
36.90
10.50
31.20
40.10
34.10
38.40
26.60
8.90
29.00
33.60
8.40
31.60
44.70
28.40
6.50
7.00
48.60
22.10
30.50
47.10
47.10
43.70
43.70
5.80
42.50
15.20
1.10
15.50
42.00
22.20
49.10
41.10
13.90
3.90
8.20
40.10
32.90
39.00
27.20
27.10
1.70
0.60
12.10
23.10
40.50
23.40
6.40
45.90
19.70
46.20
27.90
14.90
37.80
5.90
42.20
19.70
22.50
32.20
32.20
45.80
26.50
30.50
31.20
40.70
36.70
10.20
3.80
13.30
23.70
8.60
42.90
2.70
42.40
6.50
27.40
18.60
22.60
34.40
5.60
45.00
16.40
36.90
13.00
7.90
9.90
45.60
34.90
44.40
10.30
38.60
37.40
30.90
5.70
31.40
25.60
20.10
34.20
43.60
6.40
30.00
48.90
0.30
0.50
45.00
40.80
6.70
40.60
36.80
30.60
15.00
22.90
40.50
15.60
46.20
31.40
12.90
47.70
8.00
26.40
24.70
24.20
42.20
17.90
23.40
45.60
0.30
3.80
18.60
38.90
29.30
17.90
48.60
48.70
40.30
26.30
17.90
9.80
16.20
6.60
36.70
20.50
48.80
3.30
45.00
28.20
25.70
40.60
4.10
37.60
27.20
35.80
34.70
40.20
17.40
13.50
22.10
31.70
43.40
39.30
9.30
32.20
45.90
2.20
40.80
14.90
27.90
21.30
3.50
0.40
23.70
8.00
48.70
36.40
21.80
11.10
40.00
1.30
42.60
8.80
34.20
31.50
35.10
1.60
0.20
13.80
43.90
30.60
34.30
2.80
2.80
36.10
36.10
11.60
32.90
26.80
5.00
46.50
20.00
20.00
17.30
29.00
11.20
15.10
45.90
19.80
4.70
19.10
15.70
2.20
48.10
19.80
21.70
42.50
14.60
12.20
1.70
9.00
0.10
37.60
20.00
38.50
11.90
44.70
11.00
27.20
49.70
45.20
47.80
16.70
14.50
41.50
41.50
27.40
36.90
27.10
25.10
13.40
28.80
17.40
18.80
25.60
32.30
32.30
33.10
37.90
17.00
39.00
23.30
7.10
37.80
14.10
5.50
49.30
42.60
43.70
6.60
28.50
5.60
47.30
11.00
29.00
31.90
7.40
20.70
36.90
21.40
43.30
28.50
19.20
48.20
30.60
16.20
28.60
38.50
48.50
0.30
39.40
32.00
43.40
31.00
29.20
35.40
47.30
24.80
5.60
36.00
17.90
40.00
36.20
7.60
34.20
34.20
36.40
46.80
7.20
32.10
49.20
42.70
49.70
13.80
39.20
3.50
5.90
14.20
11.70
4.00
10.50
4.70
29.00
14.30
4.20
21.80
17.40
26.50
22.90
25.30
26.10
10.50
39.90
15.40
0.60
28.20
4.90
48.70
10.70
49.90
37.50
40.40
30.30
40.00
8.10
1.70
45.60
27.50
26.10
48.40
44.90
27.40
22.10
3.70
28.20
6.00
7.30
15.20
38.80
8.60
5.10
17.80
29.60
43.50
38.10
37.60
28.60
20.70
33.30
7.90
16.30
41.20
15.40
19.40
43.60
9.50
15.20
2.70
43.50
26.30
48.50
17.30
31.90
49.30
8.90
7.70
30.00
44.60
28.40
0.80
3.00
37.80
48.70
23.90
10.90
22.70
37.40
23.10
10.90
32.00
4.20
48.10
43.90
25.10
21.50
14.20
12.00
42.70
8.50
37.00
5.00
32.50
29.60
29.60
25.10
48.90
37.40
44.20
11.60
44.40
13.80
31.70
31.50
42.70
15.60
4.00
5.00
10.00
24.40
1.40
46.20
31.60
44.20
47.30
48.20
9.10
6.00
8.20
41.10
2.70
14.00
2.40
21.70
18.00
21.70
2.20
45.30
47.60
21.10
48.40
8.00
48.80
46.50
16.40
49.20
17.80
1.20
6.40
44.50
6.20
29.10
32.10
44.60
46.00
12.80
7.90
3.70
0.70
27.00
12.20
37.60
28.00
14.20
23.00
2.70
10.40
11.00
15.00
33.20
43.20
8.80
47.70
44.60
44.70
8.30
5.90
34.40
49.30
17.10
40.30
21.00
10.30
22.20
26.50
46.20
8.70
36.40
16.10
10.80
10.80
15.90
11.70
35.00
1.40
39.50
35.90
5.40
38.00
6.60
34.00
24.90
42.90
26.20
9.60
31.60
5.10
41.70
45.80
13.80
2.20
3.30
3.30
15.90
26.90
28.40
23.50
40.80
32.80
27.30
3.70
27.00
35.50
41.70
31.80
17.80
15.30
3.40
44.10
2.30
4.30
28.70
24.90
41.90
49.50
1.40
36.10
41.10
25.90
47.70
12.60
2.50
39.00
48.10
49.80
38.20
38.00
13.90
11.60
38.00
13.90
42.80
39.90
1.80
10.40
42.00
35.30
26.80
46.80
28.00
7.60
17.00
45.20
11.20
46.40
48.30
25.70
3.30
16.80
35.30
26.30
26.30
28.10
37.30
31.60
1.20
33.50
13.80
39.50
43.70
37.20
22.30
44.30
14.90
32.70
21.70
46.30
36.70
18.40
20.30
30.70
40.70
6.60
41.40
23.30
20.30
5.90
13.30
17.00
30.50
10.00
32.10
36.70
10.20
38.20
34.90
4.90
0.20
18.20
15.90
8.10
41.00
39.80
4.90
36.50
32.20
0.20
5.80
7.30
21.30
27.50
8.10
24.20
32.60
32.90
7.40
17.80
48.40
17.80
1.20
41.10
47.50
7.40
7.40
38.50
29.90
16.40
12.90
48.00
2.30
11.00
44.60
1.00
17.80
2.70
19.10
0.00
16.30
35.10
5.10
6.40
6.40
48.50
42.30
40.90
7.50
11.40
8.20
38.60
9.40
49.60
8.00
13.90
18.40
21.90
15.50
14.10
1.20
39.40
32.00
16.60
7.70
13.10
28.40
34.50
42.20
45.40
18.80
1.30
21.80
23.20
36.90
47.20
10.80
41.80
19.10
42.40
3.10
32.20
18.00
13.90
18.80
20.70
19.90
19.00
8.30
43.90
41.40
39.30
15.80
45.90
19.50
10.70
11.90
11.00
6.50
22.10
37.50
19.50
45.90
12.50
40.00
38.20
42.30
10.10
48.00
0.60
31.60
37.00
21.90
39.40
28.30
28.00
8.50
48.90
29.40
28.90
44.10
8.60
11.00
26.60
40.60
35.60
46.40
22.20
12.80
46.20
9.40
17.80
43.70
25.10
49.20
9.60
39.10
38.80
34.30
4.50
15.40
6.10
6.40
19.20
3.40
12.40
32.70
39.50
29.50
13.90
18.30
25.10
46.10
44.90
19.90
19.40
27.80
21.20
18.50
47.50
47.60
44.80
36.00
0.80
12.90
28.60
12.30
45.30
15.50
24.30
44.30
13.10
32.80
32.80
30.90
5.40
13.60
30.10
23.90
1.90
23.00
12.80
47.50
12.90
0.30
7.00
4.70
30.60
31.70
29.60
10.30
30.90
16.80
31.30
6.00
9.70
43.50
37.80
45.70
48.80
6.50
18.60
38.00
10.50
17.60
44.30
35.40
36.70
48.30
12.60
20.80
3.30
3.90
1.90
34.30
9.00
21.10
0.60
2.30
13.20
2.90
4.90
24.20
14.80
32.70
12.60
1.00
37.70
15.60
4.60
40.60
41.00
18.40
5.60
10.10
11.90
16.00
48.10
10.60
42.40
27.50
10.30
20.30
46.80
15.00
35.30
14.90
19.60
14.10
6.60
39.00
40.70
39.00
40.70
45.20
17.40
7.20
25.00
26.30
33.80
26.30
17.00
17.00
37.00
35.00
9.40
2.70
30.60
41.60
41.90
20.40
42.50
5.00
28.80
7.40
29.40
10.10
16.20
38.40
15.00
37.80
6.10
7.60
24.40
22.60
31.80
5.30
22.80
22.70
12.50
0.30
46.90
2.00
11.10
19.10
6.20
4.70
7.60
35.00
29.40
49.20
41.20
28.30
35.40
45.20
44.00
34.70
15.50
15.50
33.30
23.50
31.20
39.00
19.60
27.40
49.60
29.60
48.00
17.50
1.50
20.50
4.50
18.20
3.90
26.90
40.20
47.40
1.00
18.50
24.80
3.50
1.30
30.40
47.00
38.40
5.30
17.00
33.90
2.50
39.00
9.00
49.40
8.30
35.30
25.60
43.20
48.20
33.40
17.40
31.00
49.60
26.10
16.50
0.50
27.60
12.20
24.10
27.40
44.60
38.50
18.10
20.60
26.60
40.90
20.50
22.50
25.30
9.40
39.30
12.40
16.20
7.70
15.50
19.30
3.00
48.70
29.80
47.10
4.70
36.30
43.70
4.40
44.00
48.70
44.00
25.90
24.10
3.40
35.70
0.00
1.70
19.40
38.40
7.20
8.10
7.00
11.80
7.00
25.00
46.40
21.40
19.10
42.30
3.90
41.20
4.90
47.40
34.00
44.70
3.30
45.90
1.60
2.80
5.80
25.00
3.50
22.70
23.50
14.60
23.80
43.90
42.40
41.60
18.00
2.80
47.00
47.00
22.70
14.10
49.70
18.60
1.00
18.40
29.00
15.50
5.00
41.80
5.30
14.30
33.70
22.60
12.30
42.20
38.00
16.00
11.00
0.90
49.50
13.10
2.50
33.90
35.10
28.90
21.70
19.10
4.70
23.60
10.20
32.30
18.40
44.10
31.60
33.60
49.50
46.30
4.50
30.20
43.90
36.40
49.80
39.10
31.80
24.10
43.80
3.60
6.10
16.80
26.30
33.10
4.60
19.00
1.30
15.30
47.10
7.90
7.90
45.00
1.60
45.00
14.20
45.30
47.60
33.60
33.70
40.50
30.30
39.80
11.70
48.90
48.60
39.90
43.60
26.90
24.40
39.50
45.20
39.70
34.00
34.00
13.80
15.70
41.00
42.70
15.60
3.70
26.20
0.20
10.30
45.00
25.20
40.90
25.50
28.40
25.40
11.60
35.70
30.40
32.20
0.00
16.90
31.20
29.40
18.60
36.90
20.60
20.60
44.30
20.30
9.50
33.60
35.30
20.90
0.60
35.30
9.50
13.80
3.60
28.10
22.40
44.50
49.20
9.50
26.80
0.20
6.70
49.50
10.60
10.50
11.50
45.40
0.70
0.70
25.00
37.20
6.40
41.60
7.90
27.80
27.80
42.60
9.10
44.20
30.40
34.90
24.60
16.90
24.90
44.80
20.50
41.70
16.90
36.00
48.40
26.30
9.30
24.50
11.80
44.60
45.60
28.80
44.90
49.70
29.40
30.00
48.60
41.90
33.40
40.00
25.90
11.60
34.10
40.20
16.50
10.80
46.90
23.60
35.20
5.00
43.10
49.90
42.40
0.50
33.80
24.20
35.70
0.10
42.40
14.40
29.80
2.70
15.40
25.80
3.50
0.30
36.70
18.90
21.20
21.20
33.20
2.30
31.60
48.70
25.90
47.40
30.30
49.40
8.20
48.60
2.30
5.30
35.20
47.50
7.40
24.50
49.10
21.30
37.90
20.30
0.40
30.40
12.80
28.40
44.60
5.40
2.80
14.30
15.00
20.40
32.50
44.60
44.20
46.70
19.50
10.30
24.70
43.30
13.90
6.80
45.40
13.90
5.50
42.60
24.40
7.10
2.10
28.90
37.00
10.10
10.10
6.20
46.80
24.00
30.70
21.40
20.10
29.50
13.20
30.90
16.60
16.60
48.00
1.30
40.70
3.30
11.90
10.30
43.50
35.00
13.20
29.10
13.20
4.90
23.80
16.20
18.00
18.00
38.90
37.40
48.10
26.50
6.40
11.30
11.30
10.60
34.70
19.80
16.10
47.90
47.90
2.90
31.30
7.50
27.40
24.80
18.60
3.20
33.00
29.50
20.50
33.80
8.30
4.00
11.20
23.40
14.50
30.00
24.60
20.00
47.30
2.60
34.10
3.30
34.10
9.70
3.10
18.70
37.80
8.80
16.70
16.70
9.60
0.80
23.30
25.40
37.90
35.10
0.00
39.70
33.80
5.40
42.00
18.50
35.90
46.20
27.90
7.50
26.20
21.30
17.00
9.50
9.00
48.30
28.30
41.90
23.60
16.50
41.50
47.80
42.70
29.60
21.40
6.10
39.00
38.50
45.90
19.70
10.10
39.10
18.20
37.10
46.10
9.40
2.10
2.60
34.00
37.50
23.50
9.70
41.20
4.40
25.80
19.70
41.20
3.20
19.80
36.20
48.30
17.50
49.70
45.60
4.40
13.60
29.50
3.70
37.30
29.20
28.80
47.40
14.90
16.90
13.20
11.50
26.70
19.90
8.60
15.00
40.40
42.00
22.70
8.10
22.70
3.40
28.70
23.30
32.70
25.70
4.10
11.50
5.80
41.60
41.40
45.50
21.70
9.10
36.60
46.30
46.40
35.20
49.00
35.80
25.80
18.70
18.10
20.20
35.60
23.70
39.90
29.80
22.10
21.10
13.30
10.70
5.40
22.50
17.00
43.20
45.30
5.80
48.30
9.30
36.70
7.70
3.60
10.20
5.20
49.80
44.80
47.70
0.60
32.70
15.90
38.50
22.00
28.20
8.30
31.30
26.90
39.60
28.90
38.60
29.40
5.50
32.20
4.20
28.80
2.70
43.60
16.80
4.60
47.10
7.00
25.30
19.50
35.40
37.40
40.30
29.60
40.00
11.70
0.20
12.60
45.00
0.40
28.30
46.70
48.50
37.00
29.00
18.50
10.00
44.80
42.00
19.70
46.90
12.40
20.00
46.00
8.70
10.80
39.30
5.20
27.80
13.90
7.00
11.30
9.60
33.90
44.50
43.90
32.60
27.30
27.50
22.80
48.50
19.30
18.50
43.50
14.90
45.90
9.10
24.00
22.40
28.00
22.60
22.10
16.80
36.90
22.70
49.70
37.60
8.90
11.20
15.30
29.00
33.60
12.60
20.20
2.30
45.90
40.10
21.20
12.10
33.20
36.60
6.80
0.40
11.00
7.20
16.90
20.10
34.30
16.30
14.70
47.50
19.80
27.70
38.60
26.50
14.80
1.80
16.90
11.30
7.60
35.90
24.80
12.80
32.20
42.80
16.90
21.70
18.30
46.50
5.80
23.80
29.30
29.20
25.40
39.00
10.50
45.60
21.40
16.50
33.70
41.40
41.40
45.50
30.20
30.20
30.20
40.80
24.30
25.90
5.80
5.30
32.50
22.70
12.00
13.00
13.00
30.90
7.20
7.20
7.30
19.70
37.80
13.30
4.10
4.30
33.80
35.00
49.40
27.60
40.90
49.20
34.10
49.90
2.90
6.20
36.80
28.10
14.30
3.00
22.10
34.70
49.50
32.70
33.50
47.70
42.20
25.40
24.40
6.20
1.20
7.00
16.60
13.80
32.00
30.40
5.20
21.30
21.30
2.40
23.50
47.20
49.50
6.60
49.00
3.70
21.60
30.30
21.00
23.90
4.00
31.20
33.80
45.40
43.20
33.40
7.00
18.20
45.10
43.30
38.20
24.70
48.10
34.40
5.20
48.70
40.40
43.50
6.20
40.90
49.30
33.90
43.00
2.30
2.30
11.60
49.40
27.40
21.00
45.50
7.40
43.50
46.00
13.40
10.10
38.70
34.20
9.20
8.40
37.20
37.20
32.60
4.40
15.80
41.10
19.70
31.10
42.40
4.30
4.30
37.60
23.90
34.80
16.60
13.10
8.10
10.40
45.30
19.90
23.50
15.70
46.20
25.60
25.60
45.60
18.10
21.70
20.80
10.80
39.50
6.00
6.00
28.30
28.30
8.20
32.80
15.10
45.80
35.30
15.30
2.70
8.00
29.40
19.40
29.10
0.60
21.20
30.40
35.10
11.20
49.40
41.30
45.90
49.10
11.90
22.10
28.00
23.00
8.60
10.40
1.40
48.90
38.70
26.10
5.40
33.80
22.90
31.20
49.70
15.70
25.20
8.30
6.30
48.30
10.00
17.50
46.40
43.50
49.00
26.10
35.30
47.80
47.90
10.90
1.60
34.40
33.60
36.20
44.60
23.30
11.70
25.50
43.50
22.10
49.20
31.90
24.40
2.90
5.50
10.50
17.30
30.10
13.10
0.30
25.30
25.10
22.90
34.80
47.20
29.20
9.90
5.30
16.20
22.00
8.00
39.30
22.40
32.80
31.70
6.60
23.40
25.90
35.60
2.90
6.60
17.90
42.90
45.50
24.10
28.50
8.50
31.30
3.60
41.70
29.60
23.40
48.40
46.50
38.90
29.10
37.30
10.80
3.10
17.40
21.30
40.10
7.70
46.40
11.60
4.40
17.40
35.80
44.60
9.70
30.30
48.50
8.80
21.70
9.50
37.20
19.70
18.10
31.00
27.10
20.20
2.60
24.10
10.00
25.30
26.10
23.40
19.20
13.50
0.50
8.00
16.00
43.40
2.30
11.10
46.70
23.80
1.20
46.40
48.00
14.90
5.50
4.50
6.10
12.70
25.90
19.70
6.50
12.50
46.50
41.50
34.70
4.90
9.60
6.70
45.90
15.60
22.10
37.10
3.90
1.30
5.50
45.90
10.20
11.30
10.00
41.30
32.90
26.10
32.20
40.60
3.80
14.50
11.30
6.40
45.00
44.10
11.10
18.80
6.80
4.80
7.00
23.50
29.30
38.00
34.30
1.60
31.60
9.00
36.20
17.40
27.40
48.60
2.10
0.10
30.40
4.60
11.40
44.30
0.40
19.30
17.40
38.30
41.10
4.20
15.50
13.10
39.00
34.30
5.50
15.10
40.50
9.40
47.00
46.00
2.70
17.10
12.40
36.40
18.60
38.00
22.90
20.80
6.30
13.10
7.90
30.30
30.20
6.50
42.00
10.30
37.80
28.30
6.60
43.60
43.60
46.90
36.40
25.10
2.80
25.90
18.20
25.90
18.20
45.40
24.20
18.60
32.50
18.00
16.10
34.20
30.80
5.60
48.90
16.90
28.30
38.10
19.00
9.40
23.40
46.00
15.10
0.60
36.40
7.80
27.10
5.20
35.80
44.50
22.40
25.10
8.40
35.10
47.30
46.70
46.60
3.30
31.50
3.30
29.40
27.30
26.70
12.80
38.10
1.90
25.20
10.00
32.90
25.10
18.90
4.40
17.90
42.10
16.50
21.00
40.90
7.60
21.20
43.60
33.00
39.60
44.40
42.10
19.40
43.60
43.60
49.00
47.30
44.80
14.70
23.90
25.90
15.20
32.20
10.50
8.10
36.80
27.70
31.70
36.80
25.40
38.60
4.10
0.30
41.70
47.30
34.50
24.20
16.70
29.10
16.50
38.80
34.50
0.60
40.50
15.40
20.60
18.60
29.50
29.10
28.80
18.90
29.00
12.20
33.20
12.10
12.10
17.90
7.90
0.10
28.80
19.40
30.90
22.90
34.50
43.40
29.80
29.80
21.50
45.70
44.30
37.60
40.90
27.20
23.20
10.50
15.60
15.20
34.40
4.30
30.60
17.70
32.00
4.10
20.80
32.10
6.20
38.00
42.50
35.20
38.70
39.30
39.30
19.50
45.40
32.30
9.10
9.10
39.20
33.90
12.00
14.40
44.00
41.10
43.50
23.40
27.00
45.90
30.60
1.50
8.10
41.20
39.40
27.20
36.10
27.20
13.70
7.30
28.50
32.20
22.30
24.50
12.00
1.30
0.30
40.00
41.80
30.20
47.20
25.50
15.10
32.30
42.20
37.00
7.20
37.40
5.10
27.80
20.40
34.90
24.70
24.20
47.40
14.40
41.90
14.10
14.20
14.20
11.40
1.30
18.30
10.40
37.70
27.30
27.10
23.20
37.70
22.00
12.90
6.60
2.30
20.60
46.60
8.70
3.80
22.20
14.70
11.50
49.80
39.90
1.90
22.90
36.80
40.50
21.90
10.50
47.30
12.70
9.00
49.20
25.10
30.80
43.60
19.40
40.60
24.80
19.10
0.00
19.10
49.70
7.20
2.70
46.60
12.40
1.00
11.70
3.40
27.40
1.10
4.00
43.10
12.60
36.80
0.20
4.70
8.00
28.50
6.10
29.60
8.20
49.60
46.70
28.30
0.00
24.20
40.40
13.10
15.10
42.50
16.40
26.40
26.90
19.10
21.10
4.50
22.60
12.00
8.30
33.10
27.10
42.50
22.80
48.50
35.90
22.80
7.20
46.30
37.10
2.30
17.80
46.80
38.20
14.70
2.80
1.80
43.30
12.30
48.80
35.30
37.90
46.60
8.00
23.80
0.80
46.80
23.80
21.40
43.50
14.20
16.60
7.30
34.80
19.60
21.70
8.60
8.40
48.30
23.20
11.40
8.50
13.50
49.70
29.90
25.10
33.70
41.90
45.00
26.10
42.70
13.90
29.90
8.00
1.50
35.90
28.70
18.80
36.70
1.50
15.70
34.10
31.30
31.30
31.00
37.90
37.50
25.30
25.30
11.10
35.50
49.60
21.30
36.30
38.80
2.50
35.90
39.90
2.10
3.50
37.00
21.80
39.20
13.90
36.60
0.50
48.70
20.50
22.50
5.30
44.60
21.30
36.10
22.50
5.30
32.60
22.70
18.70
15.60
15.70
38.20
6.30
38.20
30.60
10.30
28.50
20.60
29.10
41.00
16.80
22.30
27.70
23.10
20.80
30.00
45.50
20.00
30.00
9.80
15.20
6.40
15.70
24.40
46.50
15.20
23.70
29.20
39.50
33.80
19.90
30.80
37.10
21.50
30.70
40.00
36.80
39.50
42.40
47.20
0.30
17.10
13.10
6.10
9.60
37.60
12.50
15.30
36.70
36.70
49.30
14.50
32.80
15.40
19.70
47.50
2.70
43.50
3.10
5.60
0.30
40.30
44.90
3.60
49.10
22.40
28.30
7.30
20.70
29.90
16.40
25.80
11.70
3.20
17.60
0.50
11.50
15.60
7.40
26.50
21.30
2.30
38.00
38.00
38.00
13.20
34.10
36.70
25.70
2.80
3.30
31.80
11.20
7.10
41.50
0.60
30.90
13.90
47.00
32.80
39.30
14.20
45.70
46.60
39.40
10.20
13.90
10.40
11.50
30.10
32.80
35.80
8.60
23.40
8.20
5.50
8.20
42.80
23.60
20.70
28.30
26.20
8.70
12.10
4.40
31.30
39.80
1.70
11.30
21.70
36.60
12.80
0.50
0.30
9.60
33.40
41.90
19.50
32.30
4.80
32.60
31.00
38.90
20.40
4.00
30.30
21.50
36.20
42.50
7.40
8.60
6.90
14.50
39.60
35.70
39.20
42.90
20.60
41.00
13.50
33.00
36.70
45.30
6.30
13.70
8.30
48.00
42.50
33.10
26.50
18.20
36.70
4.40
20.80
38.40
28.10
23.40
13.20
8.90
1.70
36.90
33.10
28.30
43.30
38.90
30.30
20.10
32.20
26.30
7.30
22.20
42.50
47.20
24.30
9.60
2.80
11.20
32.70
20.10
41.50
23.50
12.10
1.30
39.00
30.80
34.30
38.80
16.30
11.00
2.90
44.40
36.50
6.10
28.80
12.20
35.10
42.70
22.70
22.00
45.80
33.20
47.90
27.10
44.90
28.10
43.80
9.50
9.50
21.50
45.30
20.50
35.90
34.70
43.60
46.70
31.30
15.20
48.20
46.60
24.50
4.70
38.20
35.50
45.10
43.40
45.10
2.20
39.90
44.00
29.90
24.60
31.60
27.80
28.60
5.70
8.00
44.50
42.50
9.20
6.30
14.90
26.10
2.50
11.90
15.80
15.80
27.30
20.60
24.40
44.30
39.00
20.20
49.00
20.70
27.90
43.00
12.90
25.50
14.70
22.10
35.30
48.20
37.30
43.30
10.20
44.60
22.20
6.20
13.30
40.30
10.70
46.50
29.10
45.20
11.80
38.90
1.70
33.30
42.80
23.10
32.20
33.10
5.80
25.80
41.20
1.20
28.80
39.40
3.40
0.70
31.50
15.80
12.70
24.50
20.70
27.40
2.00
7.50
7.60
45.00
7.60
4.40
24.50
35.90
13.50
4.10
25.00
8.80
41.60
20.10
9.70
3.90
12.70
17.50
30.50
13.30
33.10
7.60
19.80
18.10
44.60
32.00
42.00
42.00
44.50
10.90
18.00
44.10
39.50
26.00
32.30
3.10
45.30
16.70
2.70
20.40
36.60
29.50
33.30
20.30
14.20
43.50
46.30
48.50
21.10
49.30
5.30
35.40
28.10
40.30
17.90
28.90
11.90
37.40
25.40
39.30
47.90
43.40
16.90
36.80
0.80
32.20
34.50
20.50
42.70
8.90
10.40
6.80
21.20
47.60
45.10
32.50
7.20
12.80
46.80
47.20
30.20
20.60
3.50
38.40
6.40
7.40
24.90
49.80
44.80
22.30
47.00
10.30
8.10
44.10
21.30
40.60
38.10
29.00
12.80
40.70
14.60
21.50
32.10
21.80
44.00
41.00
14.30
35.40
7.40
35.30
39.90
24.90
39.80
9.20
13.00
26.30
18.80
19.10
16.40
20.30
48.40
38.60
36.50
25.50
48.60
25.60
29.30
32.80
16.80
26.10
36.30
31.50
48.70
34.10
28.60
27.00
14.90
8.90
42.80
35.80
14.90
47.10
25.80
44.10
38.90
38.90
18.20
14.70
47.80
32.00
29.60
19.20
33.30
42.10
27.40
45.60
30.80
45.50
21.30
43.30
25.00
33.00
4.00
17.00
16.40
7.60
17.20
24.60
18.20
34.90
25.80
4.00
47.40
35.30
33.70
27.50
26.10
23.30
48.50
3.90
30.30
28.20
35.50
16.10
39.70
3.40
46.00
46.80
28.60
42.90
26.60
41.10
2.20
21.40
13.40
47.90
36.20
48.40
43.10
27.50
17.80
30.40
44.40
21.90
13.50
14.80
39.10
25.60
22.10
17.40
26.50
45.00
39.20
47.50
10.90
38.50
30.20
49.20
14.50
49.10
19.30
11.60
44.50
46.30
19.80
37.90
34.20
23.80
17.50
11.00
30.10
30.10
38.20
25.10
27.10
5.70
44.40
43.00
0.00
33.10
30.50
3.00
42.90
25.50
2.20
32.00
8.40
6.40
49.40
35.80
32.60
19.00
33.50
49.80
40.90
17.50
42.30
5.80
40.70
47.40
47.40
35.10
11.40
15.40
12.70
2.70
19.00
41.50
12.10
35.60
44.80
4.30
9.90
27.10
22.30
45.20
27.30
24.90
8.00
48.90
47.50
47.30
3.20
6.00
37.80
16.90
31.90
31.90
8.30
24.10
21.00
34.80
31.70
7.90
18.20
5.70
11.60
16.00
32.70
1.60
37.90
4.70
47.00
4.40
18.90
17.30
39.10
0.50
49.60
14.40
35.50
29.40
35.50
40.80
45.90
31.80
6.90
43.40
19.40
19.90
3.00
39.00
13.20
16.70
31.10
6.80
5.60
0.50
30.30
18.70
9.80
29.00
28.80
34.70
4.00
18.20
7.70
42.10
32.70
6.70
39.90
36.70
30.00
32.50
37.00
29.60
40.50
33.60
19.10
10.10
19.40
9.80
2.00
2.00
36.40
43.80
11.50
6.90
41.10
12.60
37.30
12.50
40.20
48.30
47.00
27.90
36.50
20.30
11.80
17.70
35.20
46.80
26.70
1.50
18.60
12.50
32.60
20.10
4.10
22.40
11.70
44.00
18.80
37.90
32.30
24.60
10.70
21.30
7.00
47.00
1.70
13.10
42.10
26.50
48.20
4.80
47.20
1.50
39.70
0.20
47.10
8.50
7.90
23.40
22.60
22.60
14.30
3.00
46.90
33.70
26.10
39.10
35.60
41.80
35.70
7.50
25.30
49.10
41.40
20.60
21.60
47.80
31.10
46.40
15.40
29.20
38.70
15.30
6.30
18.70
0.00
16.60
7.00
1.10
47.60
16.60
22.90
22.40
24.10
31.20
41.50
21.00
25.80
0.30
41.30
48.50
29.00
26.80
6.40
13.80
38.50
28.30
31.70
17.00
24.60
47.40
21.80
47.40
10.00
39.40
24.00
36.40
34.90
19.30
43.80
44.70
33.70
1.80
1.80
32.30
11.80
36.20
14.00
12.80
17.80
37.70
48.60
6.30
32.50
48.40
33.50
23.90
45.20
40.40
27.80
17.30
5.90
24.20
16.20
29.90
49.90
16.40
43.50
13.00
47.30
21.40
22.60
3.60
14.90
31.60
21.60
44.30
25.80
5.50
24.60
10.90
49.20
7.70
42.30
14.40
42.30
11.10
8.20
13.00
6.10
35.30
40.20
47.20
30.40
24.40
9.70
3.70
7.30
23.60
6.80
31.90
22.00
14.90
30.00
20.10
20.10
40.10
32.10
21.90
28.10
14.30
15.50
7.80
17.00
7.40
48.60
4.50
30.30
25.00
24.70
5.50
43.70
46.40
35.00
1.00
13.90
6.40
30.20
24.80
12.20
13.10
46.80
48.00
43.60
37.90
0.60
4.50
23.50
48.10
8.10
43.50
8.10
4.70
25.00
17.60
27.20
47.30
38.40
46.00
0.00
12.60
19.70
34.90
33.30
40.90
8.40
44.70
38.40
15.60
35.60
14.70
4.10
13.50
14.60
23.10
10.20
26.10
20.60
11.60
15.20
34.10
3.60
19.50
45.70
45.00
41.10
25.50
19.50
4.60
30.00
30.40
37.50
32.90
18.20
39.40
19.40
28.00
27.90
27.40
4.00
7.10
38.50
10.90
21.20
47.80
40.80
33.60
13.10
8.40
13.60
3.60
27.60
13.30
19.20
7.60
45.40
16.30
3.00
33.90
37.30
44.40
9.40
39.50
36.20
36.20
5.60
3.90
46.40
3.90
11.50
43.70
10.60
41.60
5.70
43.90
24.40
0.10
14.90
10.50
10.50
48.20
8.40
12.30
18.70
38.20
31.70
31.70
32.50
20.40
2.50
44.50
37.40
11.60
46.00
5.40
48.40
15.00
44.10
46.70
49.50
17.50
31.00
35.40
48.20
9.60
2.10
34.90
20.10
46.10
39.50
15.10
30.00
6.20
2.30
7.50
12.00
15.00
46.90
47.40
17.10
38.50
24.50
34.60
20.60
7.60
8.20
44.90
43.60
6.70
30.20
33.30
7.90
37.80
16.30
28.00
37.60
16.60
25.10
8.50
5.00
19.70
23.30
29.90
3.60
38.40
44.80
3.30
3.60
27.10
48.90
34.90
34.40
9.60
40.00
39.80
48.80
2.40
38.20
25.00
48.80
0.30
33.10
6.10
38.70
29.40
29.20
29.20
15.50
43.30
23.60
37.10
35.20
44.50
35.00
20.90
29.80
29.80
9.00
0.60
18.90
48.80
10.80
12.00
30.60
18.30
41.60
45.10
7.10
2.80
18.50
0.40
0.80
4.50
33.90
3.10
0.30
7.60
32.00
6.60
27.40
42.10
31.80
36.00
22.80
10.00
24.90
18.10
2.30
12.50
3.70
48.80
48.80
29.60
1.60
41.60
25.40
45.50
47.90
47.80
32.50
28.10
48.60
47.80
48.30
43.80
23.50
2.00
2.10
47.60
15.20
35.30
7.00
29.10
3.60
15.60
47.60
46.50
23.90
39.00
19.20
45.80
2.20
25.30
34.40
48.20
45.80
49.80
17.10
14.50
8.50
14.20
16.20
0.70
49.20
25.20
19.40
45.50
46.40
39.80
7.80
29.70
45.80
0.00
43.20
6.10
24.60
20.60
17.70
34.50
43.40
17.50
43.30
0.90
43.30
28.10
49.70
27.80
4.80
32.50
9.50
40.50
40.50
28.50
49.80
17.20
7.90
22.10
19.10
7.30
22.50
30.10
1.60
29.60
3.90
26.60
24.80
10.10
6.50
29.00
29.00
17.10
24.20
23.40
12.20
8.60
24.80
3.50
39.70
34.50
49.70
42.30
14.70
9.40
26.30
7.50
19.90
19.90
24.30
25.80
20.80
22.00
45.80
0.10
23.00
36.40
47.00
47.80
18.40
23.50
47.60
19.60
42.90
20.20
10.40
36.30
48.90
30.70
31.50
30.60
30.90
31.10
47.30
49.70
8.50
36.10
10.40
43.80
3.30
41.80
38.60
32.70
2.70
7.10
36.30
27.30
31.60
18.30
25.90
3.00
21.10
40.40
41.70
31.40
7.40
27.30
36.40
36.70
47.40
45.70
21.10
9.80
27.20
27.20
1.70
22.60
1.20
34.30
31.80
38.70
9.30
6.40
31.60
11.40
26.60
34.90
12.70
39.10
1.40
22.10
39.40
24.90
7.80
39.40
36.90
0.00
33.50
15.70
12.50
29.20
29.20
38.50
46.70
18.20
48.40
21.30
12.90
32.30
28.70
33.20
41.60
31.80
5.10
9.80
4.40
19.40
19.40
2.70
4.20
10.40
46.30
4.20
10.40
7.50
40.50
10.20
24.50
25.10
5.90
26.70
4.50
38.70
40.10
31.30
20.50
20.50
13.50
8.00
34.10
12.10
15.90
30.60
40.80
49.60
32.40
43.10
38.30
2.60
4.80
26.20
32.70
13.90
37.00
1.10
5.10
37.60
43.70
12.50
43.70
19.80
12.90
36.90
38.30
33.90
31.40
0.80
9.00
1.00
19.50
44.70
48.70
4.40
33.70
16.00
42.10
28.70
3.10
20.10
7.50
15.30
19.80
5.70
27.30
28.90
29.30
19.90
19.90
37.70
6.90
15.80
25.90
38.80
32.10
21.00
49.20
7.00
7.00
27.30
10.50
12.20
39.70
14.20
13.20
15.10
43.10
11.60
47.20
36.40
24.90
46.30
33.00
18.10
32.60
4.80
26.40
41.00
27.60
16.40
25.90
36.00
2.50
16.90
24.00
10.60
36.90
48.00
7.30
11.30
23.60
13.20
37.80
8.90
41.20
18.90
3.20
24.60
36.30
33.40
3.20
3.00
40.20
49.30
46.90
25.30
22.50
8.80
31.00
34.60
23.50
30.60
19.00
18.00
29.10
42.30
29.30
5.70
48.50
48.50
17.60
49.60
17.60
49.60
6.40
14.30
32.00
22.50
13.30
15.80
19.00
23.20
23.20
38.00
8.90
18.80
23.90
16.20
29.30
39.00
39.00
1.00
45.10
14.10
24.70
2.20
35.10
13.20
38.10
22.50
43.90
13.50
2.20
11.30
9.20
34.70
16.20
34.70
16.20
34.40
40.30
34.80
11.40
2.50
5.90
19.70
26.80
40.20
27.00
8.10
30.20
36.00
19.00
14.10
36.80
47.30
5.60
38.90
6.90
46.30
18.30
23.50
23.50
26.20
45.00
38.60
18.20
1.50
29.90
35.30
18.90
30.10
6.90
24.10
26.50
3.50
0.00
24.30
32.70
3.50
0.00
15.70
21.30
9.80
34.20
35.20
42.90
27.80
9.00
48.00
9.00
48.00
23.70
23.70
9.00
44.80
3.30
10.20
36.30
16.30
34.70
33.40
2.00
0.80
0.80
45.70
21.90
0.50
46.00
21.00
21.00
47.80
38.00
34.20
24.40
8.90
15.50
45.00
49.20
16.50
11.50
33.70
22.30
25.90
49.10
48.20
0.40
22.40
44.70
18.30
27.90
6.40
6.20
24.00
3.10
43.90
9.70
9.70
21.10
39.60
8.20
41.70
23.50
34.20
48.10
2.10
14.00
39.40
27.20
46.30
32.50
21.00
24.10
31.20
13.90
1.50
35.20
47.70
41.80
38.60
48.10
49.90
15.90
25.70
8.80
44.00
17.10
35.00
32.90
30.20
2.80
35.00
11.30
37.00
24.80
22.70
8.60
23.20
8.60
23.20
26.80
26.80
7.00
11.60
23.20
26.80
7.00
48.50
10.90
37.90
26.90
2.80
16.60
33.80
40.20
39.70
7.50
26.60
11.10
41.60
0.60
40.20
3.90
10.00
10.40
49.10
39.50
16.20
46.10
20.60
0.40
20.90
13.40
47.50
31.60
13.40
30.90
6.20
23.50
21.90
11.30
8.90
2.30
44.30
8.00
0.20
44.90
0.40
9.40
20.40
5.50
9.40
18.90
35.90
32.60
41.90
32.50
24.80
29.60
45.00
21.30
11.90
38.60
28.10
46.50
42.90
21.40
2.10
43.90
17.40
2.30
0.20
24.40
47.40
17.30
8.80
8.80
33.40
44.70
44.70
45.80
7.10
24.90
24.90
1.60
4.20
27.90
32.30
12.40
44.30
6.90
24.70
48.80
40.90
14.90
45.90
21.00
7.90
40.60
45.80
11.30
4.80
3.60
5.20
5.20
6.10
28.40
13.20
14.80
38.00
4.60
23.00
49.30
22.60
22.60
2.60
48.40
7.20
15.40
45.60
19.10
4.20
44.20
42.70
3.10
45.60
19.60
2.60
38.70
41.50
9.90
13.70
27.30
37.00
45.50
45.50
22.60
44.70
16.80
38.00
42.40
47.90
47.60
47.90
33.50
24.90
17.70
34.80
39.90
20.70
46.80
7.30
41.40
42.10
48.90
44.40
18.10
35.70
17.90
42.00
46.30
27.60
23.40
26.20
41.10
0.20
48.30
43.80
24.00
45.90
38.70
7.20
45.90
49.30
34.40
3.90
21.80
26.90
33.90
22.90
49.60
22.20
44.20
44.20
42.00
35.10
8.60
49.80
28.50
47.40
25.40
42.10
43.60
0.60
7.10
22.70
20.70
33.90
13.60
23.80
7.60
43.20
7.80
9.10
13.50
4.50
26.60
41.80
32.80
32.80
6.40
6.50
47.90
35.20
9.00
40.30
42.10
48.70
42.10
46.10
5.70
27.80
46.20
16.60
43.30
43.30
3.50
34.60
13.40
3.40
24.50
44.80
21.20
44.80
21.20
7.50
22.50
31.70
31.70
43.30
42.90
46.80
37.80
17.50
39.10
3.10
5.10
8.50
12.70
14.00
39.60
39.80
45.30
26.50
27.80
27.80
22.40
33.60
32.40
24.00
1.30
5.90
34.20
35.30
6.90
23.50
3.90
7.10
15.20
43.90
14.40
6.90
28.10
4.40
5.60
5.30
23.20
3.10
3.10
8.40
47.50
39.20
3.00
43.20
17.10
45.20
18.20
3.80
49.10
20.30
44.70
8.00
4.80
6.70
14.90
28.00
47.90
15.50
30.30
45.50
10.60
37.80
33.20
24.50
32.20
20.40
34.10
43.80
12.30
5.70
46.20
28.80
4.80
41.80
48.00
20.40
43.30
44.70
6.10
19.10
19.10
4.40
10.70
23.40
38.20
14.40
44.80
45.20
46.70
12.40
14.40
7.70
46.50
2.50
19.80
32.50
8.90
1.10
10.70
6.30
44.90
37.90
43.50
20.10
2.20
36.50
36.50
40.50
8.30
7.30
5.30
40.70
12.50
10.30
0.00
25.30
7.90
40.60
12.60
40.60
12.60
15.50
26.10
40.80
21.00
31.40
31.40
21.60
33.70
21.50
22.60
49.90
15.10
4.80
39.20
32.70
28.40
26.70
12.00
1.00
19.20
10.50
46.20
46.90
46.10
39.40
39.40
18.40
36.30
16.30
19.20
5.10
22.90
17.10
43.30
43.30
16.10
15.60
28.70
20.80
15.20
7.80
40.40
26.50
35.60
29.40
45.70
3.40
23.20
21.70
14.70
26.50
38.70
26.60
39.10
40.90
28.60
45.50
23.30
23.30
35.80
35.80
4.70
49.00
41.40
23.80
28.80
18.50
21.40
31.40
44.50
19.30
29.50
30.50
42.70
29.50
30.50
13.50
23.50
19.70
43.10
43.10
1.00
45.30
11.00
35.10
38.80
37.20
49.30
5.00
33.30
20.00
33.80
0.50
3.40
48.00
22.10
22.10
22.10
28.70
31.70
35.60
16.50
35.60
1.10
8.40
32.70
15.60
39.10
28.50
32.70
44.30
39.30
27.20
48.00
22.70
9.00
48.60
17.50
8.70
8.70
48.30
0.50
26.70
40.10
5.00
42.50
11.40
43.70
19.10
2.60
1.70
43.40
1.70
43.40
36.20
0.30
47.10
23.90
31.70
5.80
27.30
44.60
48.50
18.50
39.20
30.00
45.00
36.70
39.10
37.80
46.60
34.10
23.20
49.40
47.20
12.60
18.40
33.20
48.60
21.60
29.50
6.90
41.20
25.30
35.90
34.50
17.30
10.60
26.70
49.00
38.10
4.90
43.60
26.60
10.80
29.60
49.20
49.70
24.00
35.20
30.00
43.80
32.70
0.00
34.90
43.90
17.20
3.20
31.40
31.40
1.30
46.30
26.00
29.60
29.60
29.60
29.50
2.00
17.00
39.40
18.00
34.10
44.10
32.50
5.50
12.80
11.80
37.80
28.50
37.80
4.00
22.60
42.80
39.50
29.20
14.30
0.40
34.50
1.50
2.80
44.90
39.30
18.40
5.90
36.50
27.00
14.90
10.50
12.00
1.50
40.60
7.20
15.10
7.00
6.90
6.90
44.00
22.40
18.40
9.50
20.10
23.30
34.90
17.50
47.80
45.50
15.40
14.80
1.20
39.00
33.80
16.40
7.30
7.30
35.40
3.00
33.20
49.40
43.50
29.60
22.50
9.90
40.60
30.40
36.00
29.00
16.30
30.90
10.00
43.00
38.00
10.00
13.70
8.00
41.40
7.80
15.60
22.70
22.70
48.10
36.90
21.20
35.10
42.70
48.60
42.00
37.50
8.90
14.90
1.70
26.80
44.80
30.90
0.10
48.00
41.00
41.00
36.60
26.70
18.30
16.40
16.40
10.80
14.00
16.40
21.30
28.40
13.00
8.50
48.70
7.60
25.90
3.70
47.80
21.90
27.70
18.60
45.90
34.90
40.30
40.30
12.60
31.10
43.90
27.90
41.10
16.90
25.30
12.80
6.90
6.90
30.10
13.60
24.60
1.80
24.70
24.90
24.90
23.70
12.00
22.60
9.60
12.00
9.60
3.10
11.00
15.10
20.70
11.00
31.90
13.80
33.30
49.80
4.10
2.50
6.60
42.00
41.90
15.70
11.00
38.80
14.70
1.10
10.50
1.50
28.30
23.50
3.60
46.30
31.10
37.50
28.70
46.30
31.10
1.50
0.40
42.90
37.20
33.90
1.90
4.70
46.60
12.10
27.00
11.60
29.40
45.10
16.20
16.20
0.60
35.30
30.20
30.20
29.20
0.70
35.20
24.40
38.60
34.20
31.50
3.80
2.30
37.20
7.30
0.30
31.60
9.60
13.70
37.10
8.80
18.70
26.10
18.20
23.10
4.50
5.50
46.00
24.20
20.30
3.40
15.50
4.00
19.70
4.00
19.70
24.80
2.90
46.80
38.30
38.30
37.40
15.70
9.50
16.90
43.50
47.90
35.30
17.80
23.90
5.00
13.60
7.00
5.10
4.40
14.50
32.10
0.40
36.00
43.00
9.80
28.30
49.60
49.60
46.70
27.70
41.50
9.80
12.20
0.00
19.30
33.40
28.80
49.90
41.30
4.10
36.60
44.30
43.60
27.80
37.80
47.90
46.90
34.10
27.50
48.50
40.50
24.90
5.80
31.80
49.50
46.00
2.50
36.40
20.20
37.10
43.20
10.20
16.30
16.30
31.60
14.90
28.80
4.80
44.90
28.60
6.60
49.80
21.30
13.20
9.60
9.60
48.00
19.60
24.10
40.70
45.50
35.90
8.40
2.60
8.40
2.60
46.70
38.50
1.00
5.60
12.70
26.70
8.00
40.20
0.90
8.00
43.40
0.10
11.40
36.40
17.20
48.20
16.90
36.60
27.60
17.90
7.50
17.50
16.10
43.60
0.00
14.90
43.60
15.40
5.10
12.30
15.40
5.10
12.30
42.00
7.50
7.50
8.20
12.80
48.60
47.40
15.00
25.70
6.80
6.60
30.60
31.90
36.90
33.20
40.80
17.90
6.40
18.40
44.20
33.00
29.00
10.40
6.60
3.60
3.30
42.20
27.70
22.00
33.80
18.30
9.30
22.00
1.40
25.60
5.80
27.50
31.50
21.70
49.10
49.20
49.10
38.10
28.10
13.40
14.90
1.20
31.90
31.90
3.70
21.30
7.10
33.50
4.70
7.50
30.30
30.30
21.30
34.60
25.40
44.80
2.90
48.90
14.70
49.90
7.00
31.60
31.60
38.60
5.00
24.70
25.90
30.10
35.70
5.80
36.60
9.50
32.20
37.40
9.50
20.60
1.80
20.60
37.40
22.10
1.00
35.00
18.40
35.00
18.40
3.20
26.20
16.70
14.90
5.30
33.30
35.80
32.00
5.50
25.20
33.00
10.60
32.50
7.00
30.80
26.70
16.60
15.00
37.50
42.50
9.20
33.60
2.80
37.10
19.00
49.60
15.10
49.00
11.40
19.10
35.30
30.40
4.80
29.00
25.50
25.50
35.30
28.30
19.50
19.50
29.90
19.70
32.80
6.60
49.00
0.10
44.90
10.80
41.70
30.10
40.80
28.00
48.50
5.60
4.70
6.60
29.30
34.90
47.10
49.10
43.00
1.00
18.90
34.90
15.30
30.30
30.70
33.90
19.50
34.70
33.90
44.40
8.00
44.10
1.00
3.70
15.80
44.60
8.60
13.90
44.60
18.40
12.10
20.30
9.70
37.80
33.10
6.20
39.60
16.40
33.00
41.90
45.60
45.60
20.40
9.30
19.00
21.40
47.50
22.40
35.50
5.70
12.50
41.00
35.60
17.80
18.70
43.80
32.60
35.90
8.10
22.60
23.30
42.90
13.60
14.80
48.80
24.50
19.70
48.30
48.30
7.10
34.70
31.40
34.30
20.60
40.50
16.80
14.20
12.50
45.10
25.70
17.60
21.40
48.80
36.10
44.40
43.80
11.10
44.80
23.80
31.40
27.40
4.40
18.10
23.40
10.60
38.10
7.00
17.40
41.10
30.00
16.90
8.30
35.70
10.50
7.10
43.60
23.20
32.80
22.20
49.70
22.20
16.00
18.30
33.30
33.30
9.30
25.30
6.90
40.60
24.60
21.70
18.30
13.90
30.70
34.00
19.20
38.30
13.70
5.50
14.50
45.30
1.50
43.20
5.20
14.00
23.10
30.10
21.80
47.10
33.30
33.50
21.20
0.70
25.80
18.40
23.70
42.50
34.70
43.90
22.60
11.90
49.10
2.20
31.10
45.60
14.40
1.80
44.10
7.00
48.40
20.10
36.50
11.20
4.10
28.70
37.90
34.40
10.60
10.60
45.60
36.00
15.70
41.80
31.10
16.10
5.80
17.70
44.10
40.40
14.10
47.20
30.00
14.90
14.90
33.70
23.80
39.30
45.60
40.30
32.80
23.90
32.80
23.90
32.80
18.90
44.60
43.60
16.60
8.60
7.30
3.70
12.20
27.50
27.30
10.90
23.80
37.50
23.80
37.50
6.10
30.40
34.70
41.90
37.80
30.10
1.30
43.00
21.10
7.00
47.50
25.60
48.40
4.90
44.10
37.00
41.90
3.80
16.70
43.40
19.30
38.50
43.40
7.60
30.50
49.40
7.60
30.50
49.40
29.50
22.90
39.80
30.10
12.90
39.80
35.10
10.50
31.60
20.00
47.70
31.60
31.60
27.70
46.00
41.90
31.70
8.70
26.70
26.30
47.30
46.90
39.70
31.10
44.40
17.20
11.90
24.50
28.80
11.90
24.50
28.80
14.70
13.20
0.50
0.50
44.30
9.70
44.30
9.70
32.40
9.70
32.40
37.60
8.10
44.60
10.30
36.60
4.20
0.20
30.90
39.20
46.20
5.30
4.40
29.90
19.40
22.30
41.60
32.50
35.70
31.60
20.30
7.70
41.50
41.50
15.10
15.10
48.40
21.80
28.60
34.70
4.30
23.50
14.20
10.50
19.70
45.10
47.90
23.70
11.30
39.00
3.00
31.40
42.00
3.10
9.70
5.90
10.90
38.50
21.80
48.10
43.00
23.00
42.00
21.00
25.20
30.70
41.50
41.50
39.10
46.80
18.70
18.70
3.90
11.70
10.40
42.20
21.50
38.30
24.20
12.70
38.90
33.30
12.70
26.10
6.60
15.50
29.40
9.70
35.50
43.90
15.40
16.80
25.40
28.00
7.20
46.90
38.00
16.20
0.90
38.40
13.30
7.50
20.80
31.80
2.20
10.40
19.40
38.30
38.30
46.00
28.20
34.10
30.80
5.20
44.30
48.50
49.40
48.50
49.40
34.50
3.50
32.20
35.90
27.40
30.40
38.00
38.70
12.60
45.80
49.80
36.90
0.90
38.30
27.50
47.30
35.40
26.40
3.90
16.20
11.20
9.00
48.50
1.10
2.00
20.10
47.30
6.70
14.60
42.40
6.70
8.90
43.40
34.90
23.80
7.70
43.70
24.20
39.60
49.70
47.80
4.00
43.30
1.50
2.60
25.80
14.80
42.40
29.10
8.50
43.80
5.80
35.90
41.10
3.40
43.20
43.20
26.70
6.40
19.10
14.70
4.50
25.20
22.30
40.00
40.00
36.10
8.10
11.00
12.80
10.20
33.20
20.70
20.70
23.80
8.50
33.60
1.30
15.60
18.00
11.50
23.40
20.50
7.30
42.80
7.30
42.80
17.90
9.40
47.80
44.80
38.40
9.40
14.80
47.60
6.00
2.80
32.80
25.40
12.20
37.40
16.20
5.30
21.30
37.30
33.20
24.00
38.60
38.60
47.10
8.10
23.30
36.10
2.70
18.50
18.10
40.90
24.00
24.00
2.00
22.50
39.10
31.40
47.90
35.90
49.50
39.50
2.00
36.50
44.10
11.10
22.30
11.10
37.90
19.50
18.70
21.60
34.50
43.20
17.60
7.30
45.90
38.90
17.50
2.90
17.70
18.50
18.30
17.30
33.50
3.60
3.60
16.00
40.20
40.20
26.10
28.50
45.90
39.30
42.50
46.70
19.00
38.50
26.10
1.00
25.70
25.70
23.60
11.40
9.10
38.70
7.10
43.80
45.60
25.10
16.80
33.90
20.10
37.80
5.60
20.10
5.60
5.60
10.30
9.60
22.80
10.70
24.60
32.00
4.10
4.10
33.30
25.60
30.40
34.80
46.90
31.40
45.70
17.20
45.70
17.20
31.10
31.10
38.30
0.20
47.40
26.60
4.20
0.20
47.40
29.70
30.20
47.00
47.00
22.70
24.30
9.40
17.30
30.80
20.10
19.10
34.90
37.00
25.90
30.70
9.30
30.90
47.90
22.80
25.30
39.00
32.60
18.40
18.60
27.70
26.00
26.00
32.90
20.90
20.90
28.90
18.90
10.80
34.00
32.80
41.60
38.80
21.60
4.20
46.30
2.00
10.10
19.90
20.20
29.90
49.10
29.90
49.10
49.10
33.30
37.70
5.20
19.60
19.60
49.60
4.10
48.70
42.10
38.50
36.70
9.70
24.60
23.10
23.10
26.00
28.00
38.90
16.60
16.60
40.10
0.60
29.70
20.60
6.70
27.00
40.00
29.30
0.10
21.10
21.10
5.20
40.50
18.30
32.50
16.80
22.50
24.10
34.50
34.80
16.80
21.30
31.50
39.40
34.70
32.90
32.90
30.80
28.80
4.20
15.70
47.10
9.10
40.80
42.20
19.20
36.90
12.40
32.00
21.00
1.00
31.60
38.00
36.80
5.10
30.40
21.30
2.10
30.40
7.30
18.40
21.90
22.30
37.30
14.50
28.40
39.90
39.90
3.90
35.30
35.40
49.80
1.70
1.00
45.70
32.80
36.90
31.00
20.30
45.70
32.80
36.90
37.60
4.70
7.80
32.80
40.60
22.90
1.60
49.70
45.80
39.10
29.30
47.00
45.20
6.70
35.40
48.70
43.90
2.20
1.40
28.30
46.50
44.10
5.20
0.30
31.40
6.10
26.50
41.80
17.90
47.40
42.50
0.20
44.40
23.60
31.00
16.50
37.90
10.70
3.60
49.70
5.10
3.60
49.70
5.10
30.50
7.30
40.00
40.00
20.90
47.20
44.50
7.20
6.80
13.60
31.70
38.10
12.80
27.00
5.60
46.40
9.50
15.20
4.70
16.30
40.40
40.40
12.20
24.70
33.30
4.70
49.60
48.30
10.40
23.90
8.40
15.20
14.70
38.70
47.80
44.20
48.30
36.40
36.40
30.90
48.40
48.40
8.00
17.10
38.70
13.30
22.30
25.00
42.80
15.70
46.60
14.20
32.50
30.30
30.30
1.20
11.70
41.80
32.80
38.10
30.90
19.00
27.70
14.80
24.70
12.70
22.60
2.10
35.20
39.10
10.50
22.50
47.10
47.80
23.80
28.80
27.10
12.10
12.10
25.80
21.10
26.60
45.50
5.00
37.90
15.30
18.60
18.60
19.70
14.30
19.50
0.30
2.20
11.40
29.20
26.20
0.40
17.60
25.20
25.20
40.30
49.20
19.80
0.20
15.50
8.50
5.70
3.10
26.40
47.50
20.70
25.00
44.90
30.60
40.40
13.00
23.60
38.10
28.70
28.70
7.70
14.30
26.30
49.30
9.80
12.90
5.00
45.30
28.60
28.60
30.10
27.10
44.90
43.70
27.00
47.00
16.30
13.40
11.40
11.40
26.70
32.60
28.60
5.80
19.50
0.30
12.00
10.40
4.70
5.70
8.60
26.20
38.20
27.40
6.80
32.90
48.00
31.00
24.80
9.30
5.90
8.80
39.00
39.00
13.20
0.60
0.60
2.30
49.10
46.60
48.70
8.90
8.90
33.10
23.40
2.30
11.80
43.00
37.30
6.70
29.30
15.00
40.60
20.80
41.50
11.60
45.40
29.90
42.80
33.60
20.00
18.70
42.20
12.20
27.10
36.70
43.60
41.40
9.80
27.70
13.40
15.30
4.70
7.10
40.00
5.80
5.80
10.90
48.50
28.60
43.10
46.30
44.40
45.00
45.00
30.90
36.00
40.20
38.10
6.20
13.10
23.90
44.20
44.20
25.90
14.00
34.80
38.60
17.10
5.10
14.90
41.50
0.30
35.50
21.10
17.40
38.60
39.10
40.80
41.60
7.00
1.50
7.70
35.30
24.90
28.10
3.40
8.10
14.20
49.40
35.40
44.40
20.20
37.00
32.10
27.70
47.30
30.50
47.00
39.80
39.80
26.60
49.20
22.90
32.10
12.60
29.60
7.50
47.40
11.50
35.10
12.30
35.60
13.00
15.90
24.90
17.40
46.70
46.70
48.10
35.70
14.60
10.30
0.30
44.70
44.70
24.50
21.50
21.00
7.30
17.50
5.40
25.30
48.80
32.00
10.30
25.50
14.90
28.50
29.50
26.00
6.80
34.10
11.10
43.40
16.20
21.40
15.60
11.20
14.00
14.00
16.00
31.90
36.70
15.50
15.50
11.40
2.40
26.90
31.40
48.30
1.30
24.30
39.20
3.20
36.00
40.40
38.30
38.30
4.50
0.90
22.80
15.10
38.80
32.40
11.70
33.80
49.70
22.10
18.40
44.20
45.40
1.10
27.90
0.60
49.70
14.70
20.00
1.80
40.20
3.00
48.90
30.00
43.20
26.30
10.50
35.10
48.40
30.30
15.70
0.70
19.20
18.90
32.50
12.80
20.50
17.80
48.50
36.20
4.60
13.90
22.80
28.70
1.90
2.80
43.30
37.20
23.20
1.80
26.30
36.00
17.70
17.70
23.20
10.70
46.30
12.40
34.40
41.80
30.90
48.80
15.00
15.10
42.10
22.30
33.30
8.50
40.70
25.20
21.40
24.70
4.60
16.80
23.20
8.20
44.80
18.00
18.00
41.90
36.90
49.80
21.10
19.70
4.70
5.70
38.10
5.40
10.20
9.20
38.80
16.10
8.80
49.60
42.90
16.20
11.40
11.40
11.80
3.30
41.30
39.40
33.00
35.10
14.40
30.90
26.50
20.00
41.50
19.20
12.60
29.90
24.00
1.90
35.90
18.30
43.70
40.10
16.40
14.40
3.10
23.80
48.10
48.10
41.90
13.40
40.30
10.50
25.20
17.60
18.50
5.70
23.30
14.80
21.00
33.10
16.40
39.00
6.10
0.90
42.70
0.10
44.90
26.10
22.00
22.00
12.50
45.00
43.60
29.20
42.70
0.60
25.40
20.50
25.80
41.20
25.00
25.00
28.50
40.50
9.50
21.80
19.70
0.80
24.10
24.10
43.00
26.40
3.20
14.90
37.20
20.70
29.00
49.80
26.80
44.30
20.50
8.80
16.10
4.60
19.20
42.40
13.90
29.60
7.30
36.40
22.30
11.30
23.80
12.90
34.70
34.90
46.40
9.10
37.20
4.90
23.60
40.40
40.40
28.80
15.60
5.50
27.10
24.90
23.60
1.70
27.60
27.60
48.30
43.90
14.80
12.90
25.40
15.50
38.70
12.50
31.20
19.70
34.80
34.80
7.50
13.70
21.60
0.10
36.10
7.80
12.60
23.40
42.50
37.90
32.10
39.60
7.70
18.80
18.80
36.30
31.30
2.00
9.00
47.90
13.20
17.90
17.30
14.90
35.10
29.70
12.40
18.40
18.40
39.70
25.10