Porto Alegre - Temperaturas:
38.30
17.10
47.40
20.10
18.00
16.30
15.50
16.90
35.20
17.20
29.40
1.40
25.30
42.90
21.70
4.00
5.10
45.00
45.50
42.60
28.10
18.50
29.00
5.10
7.10
37.20
15.50
9.10
14.30
19.70
37.20
39.90
3.70
35.50
45.30
46.40
34.20
21.10
38.30
12.20
28.20
36.30
17.20
6.40
14.70
11.20
38.30
34.50
21.80
29.50
28.50
18.00
23.50
13.10
49.20
34.90
36.20
46.10
10.90
9.70
17.40
14.70
8.00
11.70
33.20
41.60
41.90
10.40
13.60
34.70
31.90
28.60
8.60
2.20
44.20
1.90
23.90
48.80
49.60
2.00
16.10
8.50
20.40
2.10
0.30
9.50
27.50
46.30
43.10
23.50
4.70
29.80
24.50
31.80
45.40
1.80
18.80
40.30
35.60
47.70
31.60
27.50
17.80
37.60
2.90
46.30
23.10
46.00
9.20
32.80
23.50
31.60
2.60
17.80
28.10
9.10
29.60
37.60
25.70
37.50
23.80
0.20
42.20
47.80
23.70
49.70
37.40
22.70
45.50
11.70
16.00
9.60
11.40
39.80
33.00
9.70
32.50
2.80
39.20
39.90
2.60
13.60
42.20
34.40
16.10
38.60
41.60
14.90
23.60
45.50
17.80
14.30
44.60
21.20
30.70
21.30
44.20
41.80
33.90
18.30
14.50
18.10
5.10
0.10
6.70
27.10
28.90
46.10
42.00
46.60
35.50
2.50
4.70
36.70
25.80
12.30
20.70
17.90
42.20
7.70
10.00
26.00
21.00
45.20
4.90
32.40
11.00
45.70
33.80
40.00
47.50
12.90
39.10
20.90
22.40
24.20
27.70
5.40
33.20
6.40
13.00
35.80
28.20
21.10
12.40
41.00
17.80
6.90
48.50
39.50
4.60
38.40
1.00
42.00
30.10
9.00
32.70
3.70
21.20
20.70
23.80
38.90
28.50
20.10
23.70
41.50
36.90
0.40
28.20
20.80
1.30
29.30
21.60
30.70
18.20
42.30
47.40
24.10
19.80
36.00
27.80
36.70
40.00
17.50
30.60
41.50
7.70
29.70
44.40
3.50
45.80
31.50
10.10
22.30
31.40
30.30
35.30
9.50
16.30
15.80
49.60
34.90
1.90
7.70
7.80
22.10
5.50
31.30
12.40
47.50
2.30
37.90
43.10
18.20
25.20
27.50
45.50
23.20
29.60
28.20
13.00
15.40
16.10
46.30
44.90
44.20
37.80
34.00
30.10
1.20
14.60
40.60
14.00
11.60
32.90
12.50
42.30
25.80
11.80
39.30
16.90
13.10
10.40
6.10
3.40
6.70
19.60
47.30
16.60
42.70
40.70
0.80
36.10
20.20
13.50
34.10
12.60
36.30
43.30
16.20
12.00
32.20
17.10
37.10
19.10
47.50
33.90
22.40
19.80
27.80
31.50
44.50
45.60
28.70
36.00
22.70
40.80
41.60
0.00
48.10
17.40
38.40
4.30
5.60
32.40
28.50
43.70
7.00
47.20
33.10
3.80
8.80
3.70
10.90
38.30
6.00
41.70
33.90
1.00
23.10
30.10
41.90
3.70
18.80
29.40
10.00
8.80
1.00
10.00
18.70
15.10
30.90
40.30
27.10
27.10
7.80
35.70
40.40
7.40
29.50
3.00
0.80
42.10
18.30
11.80
33.10
43.50
0.60
25.70
19.50
24.10
31.50
8.80
40.30
49.10
17.80
6.40
8.80
48.40
49.40
8.00
1.90
19.60
35.20
40.90
9.90
21.80
19.00
15.50
13.50
10.10
47.90
3.70
28.50
16.00
0.30
44.90
24.60
39.20
8.20
10.10
15.70
31.20
2.30
12.00
10.20
24.00
5.30
26.90
37.30
49.10
29.20
12.60
37.00
48.50
45.30
48.40
20.90
40.90
18.20
25.00
6.90
47.70
11.30
36.30
3.90
1.50
19.20
23.10
0.00
20.80
2.80
27.80
17.80
4.00
18.10
49.70
17.60
1.20
17.50
1.40
5.60
26.10
31.70
13.20
7.30
37.60
1.30
23.60
5.30
28.40
8.90
32.30
44.90
2.90
38.60
43.30
9.60
5.40
45.10
3.40
49.00
32.10
5.30
18.10
38.30
9.80
28.60
42.50
24.70
10.30
7.20
38.00
5.70
44.90
45.50
21.60
21.80
1.70
40.30
1.30
28.70
14.90
24.30
23.60
31.70
41.20
25.90
25.50
43.90
4.80
28.00
38.90
32.90
4.60
25.00
39.30
12.50
28.80
23.80
23.80
44.30
2.00
48.10
13.10
35.60
6.50
40.10
22.70
19.30
46.30
45.10
27.30
12.50
47.40
22.70
33.00
47.90
15.90
3.40
5.80
13.30
8.20
7.40
33.80
22.10
17.40
15.00
17.90
17.80
18.30
29.50
8.70
27.80
22.00
48.00
11.40
18.10
39.80
12.20
18.90
20.20
8.10
42.00
37.50
17.10
5.80
23.70
4.80
44.90
47.30
47.50
49.50
25.30
10.50
12.50
31.70
12.50
28.70
29.80
0.30
11.40
39.60
36.50
24.30
32.30
30.20
38.80
1.60
44.20
20.00
2.30
7.80
34.50
2.40
22.00
30.50
44.10
2.50
48.20
47.40
5.50
20.50
3.50
25.60
26.70
35.80
48.20
5.10
30.30
27.00
49.80
23.00
5.30
24.50
20.90
35.80
25.00
1.80
48.70
34.30
8.50
25.30
44.60
43.50
36.50
40.00
11.70
24.70
26.90
37.00
4.00
4.30
47.20
20.00
21.40
49.20
27.30
14.60
13.80
4.70
47.80
0.20
48.10
14.90
10.40
32.90
43.10
36.20
34.10
21.80
18.90
25.90
11.30
49.60
27.00
6.00
0.80
41.70
20.60
35.70
0.60
29.80
20.20
18.30
17.10
34.30
4.80
25.60
34.00
0.90
31.50
49.80
0.30
41.40
11.10
28.90
27.10
49.60
9.90
16.40
24.60
28.20
5.20
12.00
31.20
30.80
3.50
49.60
10.60
31.80
9.10
27.30
40.90
21.50
42.20
19.70
36.90
44.80
11.90
20.30
7.60
31.30
1.10
32.80
31.60
32.80
7.50
46.20
42.80
30.40
11.70
33.50
44.20
28.50
18.20
3.80
20.60
2.70
42.40
23.00
12.10
5.50
11.70
42.60
36.80
8.40
8.60
8.30
17.90
4.30
48.10
8.50
30.70
17.50
22.70
12.50
47.80
8.10
18.60
22.50
5.80
37.10
29.50
3.30
22.30
27.20
32.60
3.50
32.90
48.50
21.90
7.40
9.00
5.20
44.20
46.30
20.40
47.30
38.70
34.70
38.00
44.40
9.40
40.00
12.20
8.40
46.40
0.50
48.40
40.10
36.00
49.10
12.70
1.10
37.00
19.20
17.00
17.90
48.30
27.40
8.30
43.80
9.40
17.20
29.10
9.60
12.80
15.70
38.80
40.90
8.90
24.90
20.70
47.50
49.90
49.80
25.00
34.40
2.80
27.80
37.40
16.20
10.10
41.10
33.20
28.20
17.60
24.10
45.60
40.20
20.90
40.00
28.50
7.10
30.30
49.50
23.20
44.40
26.60
29.20
23.50
26.00
46.00
26.80
18.60
46.10
48.60
23.10
5.40
28.90
16.60
48.40
31.60
25.30
39.10
12.60
41.80
26.60
14.10
37.10
46.70
29.60
35.20
17.50
40.20
35.70
46.20
40.40
30.00
38.20
8.30
1.40
39.70
11.80
27.00
8.20
10.90
29.30
23.50
1.60
15.80
6.20
4.20
43.80
49.90
42.90
37.70
13.60
42.10
21.80
38.60
3.40
12.20
19.10
15.00
5.50
46.20
13.20
13.30
21.90
46.50
43.80
14.10
12.40
12.00
7.00
4.80
6.00
43.30
40.80
21.70
22.60
38.20
19.00
46.40
35.00
14.00
25.40
46.60
0.00
9.30
33.00
13.90
44.10
5.20
43.20
1.80
21.90
35.30
1.40
15.90
10.10
20.00
14.50
36.20
26.50
13.90
43.90
49.50
15.40
49.70
25.30
48.40
42.20
19.30
27.40
21.00
4.60
18.80
39.20
46.20
29.10
16.50
26.70
39.30
11.40
21.40
4.20
43.20
35.60
33.70
4.50
2.60
9.00
32.90
26.60
10.20
15.00
9.00
40.60
30.10
40.60
2.80
26.70
35.40
7.10
35.50
9.50
24.60
29.50
25.20
19.90
34.40
3.60
29.00
28.30
12.30
9.90
11.00
29.60
17.30
42.30
49.50
37.90
29.30
8.70
26.20
8.90
32.60
16.60
49.20
41.50
33.60
34.90
27.20
4.80
7.90
17.40
48.90
43.70
37.00
30.80
49.00
45.60
16.50
0.00
17.70
8.10
14.80
23.90
44.00
30.20
10.90
36.40
40.50
33.60
15.40
41.00
43.40
26.10
14.80
18.40
0.20
14.30
22.90
22.60
30.30
38.40
4.90
23.90
34.10
12.60
3.40
21.80
37.10
1.80
48.30
39.80
3.10
10.80
39.30
24.40
26.10
6.10
49.60
15.80
33.40
13.00
49.30
42.10
1.30
15.90
23.30
34.60
26.10
41.40
3.30
44.30
44.80
35.70
40.30
11.70
36.80
34.60
47.60
45.30
3.00
27.90
11.90
39.70
17.80
24.10
7.80
31.30
25.40
41.90
18.40
31.00
48.80
29.70
32.80
47.40
34.60
16.20
38.50
36.00
14.30
46.40
7.70
31.50
46.60
26.70
26.70
17.70
11.30
18.90
47.90
49.80
27.40
8.40
27.30
11.30
17.70
33.00
4.60
33.60
43.30
31.50
40.50
2.10
23.20
10.70
40.30
27.60
40.40
42.10
2.90
14.60
8.10
35.80
46.60
31.50
25.60
31.30
0.60
2.70
11.80
0.70
13.60
23.00
7.70
48.60
13.70
39.70
24.10
24.40
16.40
12.40
25.80
7.80
16.20
2.00
32.30
16.50
16.70
10.10
47.70
6.90
25.70
5.70
9.10
20.90
10.10
5.10
25.30
21.70
22.60
30.70
40.60
7.60
33.80
42.30
29.40
20.20
30.10
45.40
9.30
41.90
42.00
6.80
30.00
8.30
8.30
27.20
42.90
31.80
14.50
39.00
5.70
30.00
17.30
16.70
49.70
40.60
39.50
46.90
18.50
30.90
24.10
43.60
26.70
24.60
26.50
1.50
35.20
45.70
3.70
1.80
8.10
37.80
24.00
24.00
7.40
37.40
34.70
23.00
39.50
30.50
25.10
33.40
16.10
16.10
36.70
16.40
30.10
3.80
36.70
19.30
38.10
11.90
5.20
2.50
12.90
27.40
32.50
8.60
5.80
11.90
35.30
47.90
13.10
37.20
40.80
41.80
2.30
15.30
2.20
30.80
46.30
21.50
36.20
47.20
30.80
40.10
4.60
32.80
28.40
25.80
33.90
43.50
13.00
7.90
39.00
7.50
19.80
8.20
44.10
41.80
14.40
29.90
32.00
18.50
3.20
29.00
45.50
12.50
31.40
36.90
40.40
19.00
12.60
23.30
33.00
18.50
4.50
28.30
45.90
22.70
26.30
31.10
18.00
6.20
8.80
24.40
5.00
4.50
10.90
38.10
21.40
38.20
14.80
25.90
39.70
17.80
33.80
26.50
10.90
37.70
39.00
9.60
46.10
34.00
49.30
46.90
38.40
36.00
29.30
6.70
27.40
35.30
48.50
17.70
38.70
22.50
43.40
36.20
23.50
45.60
28.70
46.20
36.60
28.00
39.30
6.90
45.70
42.80
37.80
29.40
8.40
42.10
8.60
27.00
37.90
24.40
32.40
20.10
14.00
26.90
7.50
36.80
15.30
6.30
13.50
9.50
13.10
24.10
0.20
19.40
46.80
30.30
32.40
11.00
29.90
46.70
43.90
22.00
7.80
33.40
1.90
42.90
27.10
40.60
40.90
31.90
22.10
23.00
20.30
28.40
49.10
20.90
27.00
33.40
33.70
15.10
28.80
42.70
14.60
13.60
9.60
4.70
22.70
32.20
24.10
8.40
28.80
28.80
5.60
31.60
37.10
2.70
23.50
12.60
24.30
27.50
20.50
28.60
39.40
27.70
44.20
48.00
42.30
7.20
5.00
29.40
11.80
6.70
25.40
45.60
17.60
19.00
19.00
16.50
44.80
18.90
0.30
23.30
8.10
34.80
15.90
45.10
22.10
0.80
19.20
13.30
25.00
13.60
47.60
38.20
37.00
3.40
40.60
26.60
15.30
28.40
35.10
33.50
10.20
26.40
7.90
0.00
31.30
35.50
34.40
5.20
28.40
7.90
7.90
18.50
7.40
21.20
46.80
0.40
21.30
7.60
27.60
1.10
25.90
39.10
44.00
21.70
46.20
15.60
30.30
34.20
49.90
26.60
7.70
8.10
7.90
34.80
32.50
42.40
47.20
22.60
11.70
31.70
42.00
21.60
39.90
13.10
42.30
23.60
35.00
44.50
3.60
20.20
34.70
24.00
23.50
16.30
45.70
30.60
7.40
7.90
36.60
5.60
22.60
39.40
4.00
5.50
5.50
6.70
24.80
31.00
14.10
18.70
27.80
46.70
45.70
14.40
44.90
0.30
23.50
44.60
4.00
11.20
31.30
0.90
13.60
46.10
16.90
17.00
48.00
5.10
19.80
29.70
7.00
15.10
29.50
29.40
18.60
12.40
35.50
22.50
17.90
9.60
11.30
10.50
10.50
34.20
10.50
41.80
3.30
1.10
18.00
21.20
3.20
47.40
6.10
8.00
30.70
29.80
24.00
8.80
32.30
47.70
49.10
10.70
35.10
10.00
40.90
24.00
24.00
9.40
5.20
28.30
6.10
21.20
10.00
34.00
9.10
12.50
33.60
43.50
48.50
49.50
6.00
16.20
23.50
36.90
2.60
39.40
7.50
39.70
22.10
9.20
17.70
2.40
18.30
42.20
47.30
24.20
26.50
40.90
43.40
15.00
49.90
28.20
12.00
44.40
42.30
30.80
3.90
1.00
20.40
23.30
31.80
48.20
8.70
19.90
19.70
33.60
25.50
18.10
8.20
15.70
32.30
46.30
0.10
20.30
49.40
37.20
11.50
42.90
15.00
0.30
14.50
28.20
43.90
15.50
23.70
13.10
6.00
28.30
28.30
34.00
23.10
38.70
11.80
25.50
32.90
32.30
12.60
26.30
9.10
32.10
25.80
17.50
0.80
28.00
5.30
47.00
48.00
48.00
18.20
42.60
40.90
42.00
26.00
35.70
25.90
45.30
23.70
16.70
14.10
7.60
0.90
46.30
7.70
6.20
5.30
2.00
1.10
32.60
10.70
42.50
33.40
10.10
43.30
49.70
45.50
49.60
26.10
41.30
36.30
45.50
38.60
43.20
36.10
25.60
22.10
25.70
29.80
41.90
46.80
29.50
29.50
39.20
18.60
41.20
9.20
3.20
39.00
31.10
2.30
11.90
17.10
38.00
40.70
36.80
28.20
29.00
16.20
15.80
33.60
22.70
17.00
2.90
15.80
11.80
15.30
40.50
10.00
23.00
23.00
46.70
1.90
20.50
41.40
33.80
48.40
7.30
10.50
35.60
11.30
9.00
41.90
10.60
42.60
2.50
48.20
12.60
19.50
46.50
34.30
22.60
15.80
41.10
35.70
23.60
47.50
23.70
29.50
21.30
46.30
22.30
45.30
44.00
24.40
36.40
1.00
21.90
20.90
17.00
5.30
5.00
20.00
25.70
46.90
28.40
11.30
21.50
13.30
11.40
44.50
14.30
14.30
9.50
10.00
15.90
5.60
33.10
44.00
24.20
9.50
20.10
11.70
34.30
7.40
16.10
8.70
17.70
47.50
16.20
28.40
25.60
25.60
17.40
24.00
48.40
31.00
2.50
33.70
19.50
4.70
7.10
17.20
17.20
37.70
40.70
5.50
46.40
27.50
14.30
42.80
0.20
37.70
44.20
13.40
16.40
12.90
39.20
37.00
32.70
30.60
21.30
12.90
28.10
6.60
34.90
20.00
6.00
38.30
6.30
15.70
9.00
4.60
29.20
18.70
11.10
25.30
24.10
46.30
48.40
43.70
6.20
19.80
22.90
22.90
7.20
31.70
10.80
31.10
19.50
19.50
7.40
2.10
40.70
49.60
35.00
24.50
43.00
5.80
14.80
22.00
39.70
31.20
26.00
26.90
19.90
8.30
21.70
42.10
5.80
5.90
14.50
23.60
7.20
25.60
2.50
4.80
14.80
39.70
3.80
36.10
44.50
9.60
26.20
35.60
35.00
4.40
33.60
32.90
32.00
38.80
42.00
44.90
17.80
27.60
1.50
0.10
0.50
41.10
44.60
48.30
14.70
2.10
25.40
23.80
0.20
38.70
25.80
20.20
16.50
31.90
4.80
28.70
36.80
24.60
47.10
41.00
13.50
28.30
5.70
48.20
48.20
10.30
23.50
45.00
23.70
9.40
3.70
27.30
8.30
30.90
30.90
36.50
41.40
17.40
46.20
34.40
26.80
33.50
41.10
1.70
4.40
14.90
33.50
48.70
8.10
26.50
5.70
22.90
15.10
22.20
43.80
33.50
9.70
27.70
24.50
49.10
14.60
30.00
10.20
19.80
27.30
3.70
7.20
19.70
20.00
25.30
6.40
20.30
48.80
15.30
47.40
36.60
49.40
10.60
40.00
9.70
30.40
33.00
15.90
49.00
7.40
7.40
40.60
16.90
14.40
25.20
11.40
3.40
43.10
38.50
25.60
25.60
10.20
44.50
6.30
42.20
8.40
17.70
19.00
41.60
38.10
37.20
4.20
44.20
4.60
6.70
37.00
20.60
46.60
32.20
45.80
35.30
9.50
6.30
32.70
31.20
29.40
9.00
26.90
21.00
8.00
45.10
2.60
7.30
16.90
15.70
15.40
11.50
8.60
7.00
16.70
16.60
23.60
39.00
20.70
16.00
1.60
0.40
41.30
49.60
18.40
10.80
48.40
5.00
26.60
22.20
42.10
9.80
28.20
15.70
24.90
22.70
31.30
12.70
46.20
38.30
36.70
27.60
48.90
6.30
12.20
11.40
7.20
23.60
14.60
28.90
41.80
29.60
37.70
5.90
13.10
0.80
23.40
19.50
11.10
33.60
44.10
35.00
4.20
10.80
45.20
40.10
19.20
5.60
22.30
42.70
19.20
15.40
19.20
13.50
20.90
31.70
40.90
24.20
42.20
32.80
3.00
15.20
0.00
28.40
8.70
30.50
9.60
17.40
49.30
38.70
29.90
35.70
38.00
23.60
23.60
33.50
3.00
33.00
33.50
17.80
15.30
36.90
33.30
45.00
23.40
26.70
0.70
38.00
25.50
11.60
47.90
20.50
27.40
26.60
40.10
35.10
2.90
27.00
18.00
35.20
15.20
4.50
29.40
12.20
46.80
41.60
32.10
28.60
28.60
10.70
36.50
21.50
10.20
11.20
9.70
37.50
28.60
17.80
17.90
49.00
15.10
24.80
37.90
25.90
14.30
48.50
44.10
9.50
28.90
35.40
30.50
31.20
19.60
45.40
11.80
5.50
13.80
28.90
27.10
37.30
13.50
49.10
0.80
16.00
30.40
3.50
32.80
1.30
0.30
6.20
31.10
48.80
35.60
40.70
14.60
31.50
18.80
26.80
30.40
22.70
14.80
49.60
48.30
28.50
4.50
15.10
14.00
47.80
48.40
48.40
11.60
25.10
35.60
11.30
12.20
41.60
0.90
25.90
43.90
49.10
0.00
42.50
7.80
43.00
25.20
27.70
22.70
21.30
11.70
2.40
33.50
16.70
7.20
40.10
46.80
24.10
45.80
38.10
7.60
2.40
37.40
35.30
47.30
11.10
42.90
26.50
17.40
43.70
30.40
20.10
34.00
7.60
5.80
35.30
41.10
23.80
35.40
38.10
12.80
49.40
30.30
28.80
21.70
10.20
7.20
22.60
32.60
16.20
3.10
20.70
1.80
45.60
36.00
17.60
33.10
23.90
32.40
24.90
45.50
38.60
26.20
45.50
38.60
26.20
10.90
44.80
18.00
13.00
25.40
22.40
46.00
0.20
41.10
5.10
46.10
1.40
40.70
8.60
6.10
49.50
26.60
35.70
25.20
23.70
38.30
36.50
14.60
45.70
31.30
15.90
28.30
32.00
42.30
39.00
22.60
1.30
34.70
30.10
7.20
44.00
15.10
1.70
9.90
29.20
0.70
15.60
26.10
38.10
42.60
9.50
28.60
37.90
31.60
8.20
26.90
6.20
10.60
33.30
24.30
31.80
43.30
24.50
11.40
4.30
28.00
35.60
13.70
25.60
11.70
29.10
12.10
45.70
22.50
20.80
1.10
41.50
4.00
47.60
6.40
2.00
34.40
40.20
0.10
27.40
27.30
3.90
14.60
13.90
29.30
41.80
13.50
41.70
12.70
26.40
9.10
12.30
33.70
5.80
30.60
28.60
13.40
46.20
42.00
5.60
21.90
15.50
5.30
48.20
36.20
37.60
29.30
29.30
38.50
16.20
38.00
3.60
18.50
48.60
45.60
0.50
42.40
12.00
34.10
47.50
14.60
12.10
31.60
24.10
11.00
12.80
16.20
6.80
27.20
27.40
5.20
15.30
46.70
1.00
3.40
48.80
24.90
14.70
18.50
15.20
32.90
45.00
6.10
41.70
39.60
0.90
22.00
41.20
16.80
23.00
42.60
25.70
18.70
3.80
35.80
14.50
11.70
6.10
24.50
35.20
14.70
33.10
12.20
29.20
11.00
43.80
9.40
12.90
31.80
23.10
27.50
29.90
40.70
29.70
43.10
1.10
1.60
18.50
43.60
32.70
36.80
37.90
20.40
44.30
20.30
48.30
20.20
41.10
22.90
8.20
49.10
20.80
44.40
19.80
10.10
39.60
23.50
43.00
30.90
14.80
16.80
38.80
28.00
25.00
38.60
48.20
21.50
44.10
15.80
18.20
33.90
1.70
9.00
15.80
18.90
5.20
26.00
14.10
3.50
23.00
37.50
38.50
0.10
47.90
9.20
49.60
45.40
45.40
47.70
40.40
11.00
1.40
1.40
18.40
7.50
49.10
23.30
45.90
26.30
32.40
28.30
35.70
29.50
29.50
37.90
24.30
3.30
31.20
32.20
40.40
19.60
12.30
33.20
41.70
17.80
10.80
6.40
21.60
24.70
10.50
43.70
27.70
13.50
33.40
33.10
15.60
0.60
45.00
47.90
15.70
27.60
15.70
2.90
30.10
31.20
48.30
6.80
28.90
14.40
5.30
48.90
23.80
21.80
9.50
27.50
13.20
27.50
10.20
28.80
46.80
17.20
40.00
9.50
19.50
3.30
35.60
24.10
36.30
36.10
37.40
48.80
26.40
46.70
18.60
34.00
37.40
40.30
19.90
19.90
17.30
11.20
32.70
36.70
34.10
24.20
42.40
25.40
3.10
15.10
28.80
43.10
16.00
45.30
10.60
20.30
9.80
7.40
27.90
17.90
47.50
31.10
12.10
9.40
22.00
39.60
22.90
36.80
32.60
35.10
5.30
10.10
9.50
32.60
49.40
3.10
16.10
41.60
13.30
13.70
25.00
23.50
41.70
30.20
40.90
32.90
8.60
21.30
26.70
33.70
11.20
24.40
28.20
42.60
44.50
46.00
17.30
24.90
44.80
26.60
31.20
23.90
9.60
16.60
28.40
24.60
1.80
3.40
29.50
28.80
6.20
13.50
29.90
36.20
30.60
7.50
15.30
9.40
48.00
24.00
32.60
8.80
32.50
34.60
8.50
30.00
37.70
49.10
7.20
20.50
20.50
48.10
47.00
32.60
22.50
4.50
5.80
25.10
40.20
13.10
15.70
39.20
31.20
13.70
14.00
42.40
39.80
39.30
9.00
26.60
15.80
47.40
37.10
10.20
35.60
38.10
26.20
8.20
18.80
5.40
30.00
13.80
45.60
32.50
8.40
21.90
28.80
30.80
23.10
10.00
0.80
34.00
2.20
24.70
38.70
10.80
6.20
37.20
37.10
8.80
34.50
36.00
24.60
20.00
30.40
29.50
35.20
10.90
3.40
16.90
17.50
43.20
41.50
6.20
13.50
5.10
6.80
35.70
22.70
42.00
43.40
28.00
1.00
42.80
46.10
19.20
15.70
21.50
18.30
45.90
12.50
26.80
14.50
13.70
36.90
34.10
15.40
20.40
20.40
26.00
29.30
47.60
31.10
24.30
4.30
33.00
49.20
2.90
10.00
21.10
11.60
13.70
15.40
14.30
31.90
33.00
34.50
36.20
30.60
45.20
14.60
8.70
20.00
21.30
0.30
17.90
20.20
37.90
0.80
43.80
25.20
21.20
28.80
19.30
12.20
30.50
3.20
13.20
7.00
36.20
48.60
45.10
18.70
46.50
0.70
17.30
21.40
13.30
20.10
24.30
3.10
25.20
33.90
43.40
9.20
48.10
0.50
32.50
20.50
30.20
30.00
24.00
4.90
22.90
16.30
37.50
47.80
5.80
4.60
18.30
41.70
15.00
28.30
36.50
49.20
19.60
28.80
38.30
0.30
32.90
36.30
2.70
49.30
13.40
14.90
33.30
3.70
11.00
10.80
23.50
29.90
25.40
44.00
37.00
19.30
21.20
24.40
2.80
28.60
33.80
16.30
33.10
33.30
43.00
18.50
25.80
17.70
12.70
30.40
34.10
49.70
43.40
15.90
16.50
20.10
38.60
33.30
26.70
16.30
10.70
22.80
5.00
42.10
4.70
41.20
11.00
0.90
11.00
29.70
16.20
2.10
37.20
5.90
20.90
45.80
40.50
38.50
0.00
46.80
17.40
11.70
34.70
32.00
18.70
6.50
13.10
21.60
3.80
12.90
26.30
32.50
33.40
20.80
19.30
23.40
6.60
33.80
20.30
24.30
24.70
46.90
18.60
36.00
4.50
13.50
16.10
25.10
19.40
47.40
41.70
2.30
45.50
12.70
36.80
1.50
41.40
33.50
5.90
21.40
49.70
38.60
38.40
23.60
14.60
2.30
43.90
18.70
21.20
46.50
32.10
11.30
47.60
43.20
3.50
36.60
16.40
14.40
14.70
44.40
28.70
25.70
8.50
10.00
12.60
21.50
30.20
3.40
8.00
21.20
42.50
25.80
26.10
35.90
38.70
33.30
36.70
41.50
17.10
14.40
3.30
17.50
35.40
9.70
32.30
2.30
10.00
36.80
2.80
1.80
46.90
42.50
26.70
23.20
40.20
31.20
14.40
43.60
41.90
28.30
2.50
40.00
1.70
23.80
1.20
6.70
12.90
14.70
48.30
7.90
20.20
42.60
27.80
48.20
32.70
32.70
6.80
2.50
30.20
7.80
12.20
14.90
39.60
8.60
41.10
3.00
13.50
30.50
20.20
35.50
44.60
20.20
35.50
44.60
17.80
2.00
7.50
43.40
35.20
0.70
46.50
25.20
45.20
7.70
45.30
34.60
38.50
38.50
23.40
16.70
20.50
20.10
38.20
24.90
8.70
7.60
40.70
6.00
2.80
14.00
12.30
26.60
44.40
37.10
31.60
32.50
25.50
18.40
33.50
11.40
29.10
26.00
15.50
19.40
1.80
37.10
46.70
35.60
40.00
40.10
8.30
17.60
39.30
39.30
20.30
49.70
12.40
37.20
15.80
20.30
8.20
4.50
44.80
34.90
30.30
22.40
23.80
18.80
8.50
29.30
22.60
8.40
13.20
25.70
30.60
35.90
13.20
15.30
1.80
4.30
10.90
9.60
21.20
47.10
35.10
42.00
43.50
5.00
12.00
40.40
0.00
49.30
8.10
36.00
1.50
37.30
49.80
29.80
7.30
49.70
27.30
41.90
18.20
0.10
9.00
0.20
13.70
7.60
42.30
14.60
6.00
20.90
20.60
33.30
22.10
30.50
12.90
6.50
31.20
33.00
49.50
7.50
19.60
13.20
18.50
11.90
5.40
42.80
46.40
33.10
45.00
32.00
38.80
43.00
47.60
33.10
42.70
32.40
14.20
29.00
16.80
20.80
37.10
0.60
48.80
48.80
45.40
7.30
25.60
31.50
49.20
4.60
41.00
42.60
13.80
40.10
24.40
2.00
34.00
31.80
46.30
4.20
40.20
15.60
32.50
13.50
19.00
26.50
38.00
36.10
23.40
13.50
45.90
4.60
4.40
18.60
14.60
39.20
28.90
40.60
41.60
19.20
38.80
22.00
14.60
25.60
8.00
36.30
15.10
48.50
5.90
37.20
30.60
37.30
40.90
2.50
48.70
6.40
33.50
31.10
9.60
38.00
7.50
38.00
38.00
41.70
7.20
40.30
48.50
6.10
30.60
17.60
47.40
23.30
43.90
14.20
11.70
41.00
34.30
35.00
32.10
38.00
11.00
1.50
15.00
20.20
31.40
33.80
45.40
34.40
39.30
21.10
34.30
5.10
22.60
9.40
47.40
5.30
26.50
29.40
20.80
16.00
49.90
26.40
24.30
27.70
46.70
21.90
12.10
42.20
36.30
28.60
4.10
21.30
13.60
6.10
1.60
47.40
17.60
49.40
9.20
18.20
32.60
6.50
5.10
27.80
39.30
42.30
30.70
3.00
43.60
42.80
22.40
41.00
32.90
18.10
27.90
1.40
12.40
34.70
36.40
17.70
29.10
13.60
2.30
43.00
37.60
13.50
33.00
8.30
30.30
22.20
48.60
31.20
13.20
40.80
24.20
3.50
42.50
34.00
42.70
45.90
24.30
28.40
44.40
41.70
40.80
23.10
4.40
48.90
2.70
6.90
5.70
18.20
3.80
42.80
35.60
35.70
43.70
24.70
26.90
5.40
18.00
2.70
35.90
26.40
40.20
47.20
46.30
41.40
4.90
11.50
17.50
44.70
25.80
22.70
3.10
4.40
10.10
40.00
48.50
7.70
46.90
14.60
47.80
35.30
14.00
14.90
28.60
28.00
25.70
40.40
18.10
49.10
2.00
31.30
18.10
39.00
19.10
24.60
40.40
23.70
8.40
38.30
0.50
36.80
25.10
5.40
38.60
37.20
37.00
25.50
49.90
45.60
16.50
10.20
9.50
24.00
13.00
13.00
43.20
14.30
16.90
14.30
13.20
29.70
27.80
8.90
39.40
1.90
1.90
5.10
23.00
38.40
25.80
47.30
14.90
44.10
47.20
38.60
21.80
41.60
44.00
6.60
1.20
0.10
24.30
31.00
46.80
6.10
34.80
4.50
16.50
33.40
19.90
42.50
8.70
47.40
12.80
30.10
15.70
47.40
2.60
2.60
43.10
17.70
28.80
34.40
38.30
40.10
15.80
10.90
0.20
16.50
28.70
4.90
4.30
28.10
36.60
22.90
2.60
29.20
0.50
32.20
34.60
25.40
32.60
6.00
11.50
41.70
17.10
28.70
47.80
32.50
29.30
19.50
44.40
12.20
34.60
15.60
3.50
21.20
35.90
21.50
1.80
19.60
10.70
4.40
21.40
26.00
48.40
39.20
35.60
5.90
20.40
19.50
11.90
1.30
36.70
6.40
37.60
13.60
30.50
46.40
10.20
38.30
26.00
1.90
7.00
14.60
1.60
31.00
36.00
30.50
5.70
49.60
12.20
33.00
24.90
24.70
32.70
31.60
37.20
47.40
22.20
43.20
2.70
34.40
34.70
40.80
47.60
28.40
20.50
0.20
48.80
35.80
9.50
10.90
42.40
18.60
11.50
7.00
18.60
1.70
44.80
2.40
41.90
34.60
35.20
4.10
21.10
41.30
11.00
13.40
2.30
30.10
39.90
11.20
28.70
29.30
43.30
39.00
48.30
18.50
17.70
26.60
34.20
40.70
46.10
38.50
18.40
37.10
17.50
37.40
9.20
44.20
41.20
46.20
29.50
15.70
5.40
14.30
44.90
24.90
34.00
10.20
13.10
10.50
34.10
33.10
17.70
26.80
1.20
40.10
6.50
3.00
5.20
20.70
45.70
44.60
20.90
8.50
26.30
46.10
10.00
46.10
13.80
46.70
36.10
38.70
40.30
2.70
42.30
22.40
6.80
21.50
34.00
20.70
17.70
17.70
3.70
45.80
6.00
39.40
1.40
25.00
38.50
16.80
33.70
17.10
0.30
15.80
23.20
44.40
8.60
23.00
33.40
25.80
31.80
45.70
10.80
14.70
4.20
34.90
10.00
21.70
39.30
16.90
35.70
39.60
0.50
14.10
30.30
2.10
43.10
28.50
46.30
34.50
49.00
46.80
38.50
8.70
45.50
44.00
0.20
26.50
32.90
11.10
6.40
7.50
0.40
7.20
4.40
44.30
35.10
8.00
8.50
3.50
40.10
42.00
45.00
10.70
24.90
39.10
5.00
3.70
13.90
8.40
23.40
39.60
11.20
41.30
43.30
13.80
9.80
8.20
40.60
33.90
7.30
20.20
46.90
20.70
26.70
10.50
41.20
41.50
29.10
22.80
11.20
49.90
42.00
12.50
13.10
34.30
44.80
15.90
35.60
13.60
39.30
46.20
17.00
47.50
48.10
20.20
36.20
30.50
49.30
15.80
15.90
10.80
48.00
46.60
16.30
1.20
5.50
30.50
10.70
4.90
4.90
30.30
40.00
5.00
34.00
46.00
25.80
17.60
18.20
12.90
39.50
23.80
25.50
45.10
22.80
38.70
22.60
42.00
49.50
47.30
42.40
3.10
32.40
22.40
33.00
31.90
35.10
7.30
26.20
19.30
45.50
33.70
3.10
42.30
14.60
24.60
9.80
31.20
13.10
27.60
40.10
21.70
33.00
20.40
41.20
32.80
16.80
37.20
39.90
39.40
13.60
31.70
33.40
42.90
48.90
45.40
8.60
16.60
31.20
41.90
30.10
40.80
0.60
1.90
38.60
26.70
11.20
17.90
0.90
21.00
39.50
12.80
45.10
37.20
31.90
13.60
22.10
42.00
4.50
34.70
6.10
19.60
7.40
35.80
32.70
22.00
27.20
22.40
14.80
9.60
4.10
1.30
37.80
27.40
27.70
9.40
8.30
27.50
6.80
18.50
30.70
49.00
28.30
29.00
16.80
2.30
33.00
48.30
4.20
3.70
5.40
20.40
41.10
24.40
14.70
45.80
25.10
18.30
37.10
30.50
5.10
41.90
13.60
39.50
24.60
19.20
7.30
9.70
39.30
43.20
34.10
46.20
2.70
29.40
20.40
13.60
43.20
43.20
47.00
47.00
24.50
37.00
46.30
3.60
41.50
3.30
28.00
5.40
0.80
23.00
0.60
35.20
47.80
22.60
43.20
29.20
12.80
22.80
29.00
34.50
16.40
27.50
8.40
19.60
20.50
17.20
41.40
36.00
48.70
25.40
25.20
42.10
43.50
22.50
40.30
7.50
11.80
7.70
40.70
5.20
24.10
36.90
38.60
0.20
42.50
21.00
18.80
1.90
9.70
43.80
21.50
18.10
2.20
7.30
23.50
40.60
10.10
3.70
16.00
43.70
35.50
4.00
33.00
28.80
38.10
20.00
33.30
7.70
17.60
41.60
32.40
23.00
19.80
0.90
22.10
22.20
36.70
37.80
21.00
3.30
1.20
25.10
1.20
1.90
24.40
9.90
44.30
39.40
41.60
6.10
41.70
48.20
7.20
10.80
23.00
31.70
29.50
42.20
37.10
46.20
48.40
1.30
36.80
48.00
33.10
15.60
22.70
43.10
29.50
23.80
38.40
32.20
40.40
37.00
15.50
11.00
29.90
8.60
40.50
8.90
14.30
1.10
47.60
45.40
40.20
32.60
17.50
2.90
36.80
34.10
39.20
8.90
7.70
28.60
34.00
5.00
25.00
3.90
22.50
29.00
27.80
12.80
17.00
16.70
30.90
47.20
42.60
40.30
15.70
30.00
4.60
11.30
7.40
26.30
43.30
30.30
48.40
34.80
27.50
45.90
9.40
48.90
8.80
28.00
6.20
22.60
49.60
39.30
19.40
26.10
31.80
1.70
27.30
29.60
14.20
14.30
9.50
6.10
10.50
22.80
1.70
17.10
35.40
29.80
30.40
3.40
47.70
43.00
6.50
39.60
47.60
22.20
21.80
27.90
45.00
16.10
7.10
18.10
17.60
48.30
48.00
44.00
38.20
25.10
25.80
18.00
43.70
8.10
9.60
39.60
11.70
23.50
39.60
11.70
23.50
47.00
39.40
46.80
40.20
43.30
30.60
1.10
22.20
5.00
34.50
42.00
48.00
1.50
39.10
26.20
11.00
48.00
18.00
2.40
34.80
7.40
17.60
32.00
41.50
30.90
26.60
19.60
1.80
27.70
31.40
6.30
11.50
28.90
29.90
8.40
9.90
12.10
33.10
46.00
8.20
22.20
25.30
40.70
38.90
43.10
34.70
9.40
11.30
37.00
29.00
18.90
35.90
24.10
24.30
14.20
35.00
39.60
42.40
32.00
8.90
30.90
42.70
14.00
27.40
46.60
13.80
46.60
42.20
22.40
25.40
36.00
31.50
25.10
16.80
48.50
15.50
47.50
43.80
7.40
39.70
39.70
4.60
35.80
20.40
27.30
28.50
6.60
30.00
22.50
23.30
10.00
13.60
34.30
21.10
16.70
28.90
36.80
38.40
8.90
42.10
15.50
9.60
29.60
6.20
48.30
23.90
7.70
38.00
18.10
46.90
22.40
6.00
46.00
27.00
6.80
4.20
22.60
23.20
14.90
16.20
39.70
43.90
39.90
1.40
23.90
9.60
27.40
42.20
5.50
37.10
29.80
22.50
31.40
25.10
35.40
10.50
18.30
20.30
6.40
39.80
17.30
18.70
45.00
29.90
30.60
36.60
46.50
15.40
23.30
48.30
40.00
28.70
26.90
31.50
47.50
9.10
37.50
44.00
36.70
23.60
2.40
16.10
45.30
16.70
14.80
21.70
26.90
3.30
11.60
29.90
9.00
22.60
49.90
21.60
37.10
3.30
28.70
19.90
32.20
21.60
16.20
20.30
3.70
28.00
22.80
43.60
20.00
46.20
25.90
41.30
28.70
43.70
2.00
20.60
36.30
40.30
28.70
22.20
2.60
28.70
22.40
1.80
43.40
34.00
33.10
24.90
2.40
2.40
36.60
24.40
40.80
1.20
43.80
28.20
48.20
41.40
25.30
14.70
5.40
32.90
48.70
11.70
0.40
20.50
30.10
29.10
12.70
36.70
43.90
37.80
1.90
32.50
24.20
15.80
35.10
44.30
30.00
11.00
2.00
8.50
20.10
13.50
29.00
44.00
0.50
35.70
21.40
39.10
7.50
3.70
4.70
32.40
31.40
4.00
46.50
4.00
7.70
22.90
8.60
27.70
45.40
41.50
34.90
3.50
35.60
2.00
13.10
45.30
19.30
30.70
20.90
36.40
48.10
18.00
27.10
44.90
48.30
32.70
42.80
22.90
40.70
44.50
46.40
1.50
23.60
31.80
28.40
33.90
31.60
23.60
45.90
12.50
19.20
46.20
29.30
22.00
28.40
28.20
26.00
5.90
18.90
40.80
37.60
2.60
13.50
39.60
32.60
3.10
45.80
42.10
33.70
30.00
28.80
45.00
36.20
47.40
20.10
44.90
12.20
41.50
47.30
12.80
34.20
1.90
40.50
28.80
16.30
16.20
43.30
4.00
14.70
36.90
10.50
40.10
34.10
5.60
6.10
24.80
35.70
23.80
21.80
42.60
14.60
3.90
41.20
28.40
49.80
34.80
27.10
0.80
3.00
3.00
46.20
48.90
38.10
47.10
17.10
28.40
10.00
8.80
36.80
17.40
15.50
17.30
42.00
33.30
48.00
45.60
41.20
37.80
13.90
3.90
8.20
44.00
40.50
29.30
1.00
27.90
38.70
38.60
24.20
8.30
41.00
45.50
3.00
39.50
48.80
35.60
26.50
21.80
27.10
24.80
47.80
8.60
14.00
6.50
27.40
18.80
18.60
5.60
45.00
43.90
16.40
34.10
7.90
9.90
45.60
34.90
44.40
10.30
10.30
6.00
17.80
15.10
26.30
29.10
42.40
5.70
2.30
49.10
41.80
21.60
14.50
27.60
40.80
49.90
16.70
28.60
18.40
43.20
41.60
28.80
27.30
12.30
40.80
37.00
47.70
8.00
26.40
32.20
19.80
8.50
40.80
42.20
28.50
17.90
23.40
45.60
28.90
12.90
45.40
15.70
44.20
44.40
16.30
18.60
40.20
43.00
48.10
49.10
22.60
38.90
29.00
30.90
20.50
25.20
45.00
33.20
25.70
49.40
43.00
29.80
40.20
26.30
17.40
37.00
22.10
11.10
49.80
24.90
42.00
15.70
40.80
14.90
27.10
17.60
28.90
2.40
0.10
46.90
12.70
14.00
3.50
22.40
1.30
10.40
8.80
34.20
2.20
39.80
3.40
4.90
32.40
30.60
34.30
2.80
36.10
41.40
40.70
33.70
46.10
24.30
12.80
35.30
17.30
29.00
11.30
42.10
17.60
21.50
11.70
17.20
3.50
19.80
1.80
38.30
17.20
4.00
1.70
22.50
9.50
47.00
44.70
11.00
11.50
34.50
25.80
36.80
27.40
6.20
5.10
36.40
10.50
18.40
15.10
20.90
12.40
6.00
42.90
46.00
23.30
5.90
18.10
9.90
13.70
39.80
5.50
30.30
8.20
5.60
47.30
8.50
7.40
20.70
26.10
24.60
27.10
42.00
7.90
38.10
21.40
48.90
33.60
23.70
25.20
48.20
16.20
25.10
48.50
35.10
31.30
22.10
39.40
32.00
49.20
20.00
29.20
5.70
17.60
49.50
18.10
6.80
1.70
40.00
23.10
36.20
42.80
34.60
3.30
14.60
1.30
4.50
14.00
40.10
17.40
8.90
5.70
33.30
32.10
3.50
15.70
11.70
11.70
4.00
39.40
9.60
10.20
39.40
19.30
44.90
32.90
29.70
12.10
11.70
37.60
20.40
14.90
29.40
40.40
6.70
0.60
28.20
35.10
4.90
2.00
40.40
30.30
40.00
35.00
25.10
28.10
48.10
26.10
44.90
27.00
4.80
27.40
22.10
5.60
15.80
0.30
37.50
48.60
17.70
30.90
29.60
13.60
15.60
11.40
15.30
34.80
36.80
4.10
20.50
9.30
13.10
13.80
36.30
15.20
2.70
43.50
26.30
17.30
31.90
0.10
47.90
34.70
37.80
23.90
2.20
41.70
30.50
35.60
28.00
3.10
33.40
17.50
25.10
22.00
21.50
45.10
37.70
26.80
4.50
37.00
17.70
47.00
28.70
8.30
15.10
36.10
35.20
20.60
29.60
29.60
24.70
0.40
21.70
0.50
1.90
31.70
31.50
48.40
26.50
42.70
36.80
5.30
4.00
3.30
10.00
46.30
14.00
44.20
13.00
11.60
4.30
40.30
15.90
36.50
8.20
42.80
41.10
48.00
47.10
4.20
12.40
9.70
2.20
31.30
21.10
47.60
37.40
36.80
9.90
36.90
46.50
1.80
31.10
6.00
16.40
27.90
14.00
34.40
19.80
29.10
32.10
44.10
38.60
11.20
21.20
3.70
37.50
0.70
25.40
29.70
47.00
11.90
28.60
28.90
29.40
29.80
31.00
14.10
2.70
9.40
11.00
33.20
33.20
26.70
8.80
7.50
8.30
17.10
9.90
8.40
24.00
26.20
48.90
26.50
46.20
8.70
41.20
17.60
27.40
3.90
22.30
19.10
44.60
44.60
35.00
0.90
22.70
24.20
46.20
35.90
36.30
27.90
36.00
36.00
47.20
35.90
42.90
37.40
5.10
45.80
13.80
2.20
3.30
15.90
12.60
23.50
25.30
23.40
21.80
27.30
4.10
12.00
4.60
26.30
16.70
23.70
44.00
42.60
44.30
47.60
24.90
22.10
36.10
36.10
19.40
29.10
21.10
46.40
13.10
48.60
45.30
49.00
25.60
25.90
12.50
48.10
38.20
27.30
42.60
10.50
11.60
28.30
2.50
49.40
33.00
1.50
28.20
5.40
30.20
5.70
35.30
46.80
28.00
1.10
11.20
41.40
37.30
48.30
3.30
16.70
27.50
42.50
11.60
40.00
10.50
9.80
13.50
8.20
3.70
20.90
21.90
38.10
36.30
29.30
18.70
42.30
48.80
30.70
6.60
40.00
27.30
2.50
18.00
29.10
44.10
23.10
34.00
46.70
10.20
38.20
37.50
27.30
20.60
4.90
31.50
34.70
39.80
34.00
32.20
5.80
18.30
40.60
32.20
20.60
35.40
16.90
28.60
38.70
16.60
4.30
34.60
34.00
28.80
6.10
1.60
47.50
49.40
7.40
43.30
2.60
28.90
29.90
17.00
13.80
3.20
48.00
29.40
11.00
17.80
2.70
26.00
19.10
0.00
16.30
35.10
5.10
5.10
6.40
48.50
25.20
39.30
49.60
8.00
18.40
21.90
14.10
1.20
6.60
8.60
8.20
44.20
1.80
27.40
43.60
44.80
34.20
30.00
2.80
16.30
18.30
36.20
12.40
6.80
37.00
37.40
36.40
0.20
28.80
1.10
40.10
12.50
0.30
43.30
34.10
13.60
48.60
3.00
33.10
14.40
18.80
21.70
40.50
5.80
31.90
47.20
8.00
10.20
19.40
6.30
22.00
19.10
42.40
10.80
39.70
48.30
21.10
44.40
19.90
8.30
30.20
35.30
37.60
5.70
15.70
41.70
45.90
16.70
20.70
21.50
6.50
10.20
37.50
9.10
31.00
22.90
2.00
41.70
1.30
24.60
46.80
46.40
37.80
30.30
24.00
28.30
8.50
48.90
3.60
1.30
6.40
5.80
28.10
43.80
4.40
10.10
20.90
17.30
8.00
8.40
1.10
3.70
12.80
46.20
9.10
17.10
14.00
20.50
22.30
1.00
27.70
47.20
42.20
48.90
45.40
13.10
39.00
32.70
39.50
10.20
12.50
15.00
26.50
46.10
9.70
39.60
32.40
4.20
26.50
40.30
14.90
47.50
12.20
30.80
23.60
22.50
39.70
42.10
7.50
8.70
48.50
12.30
14.50
39.20
7.90
24.30
1.30
3.30
3.30
3.70
10.80
1.10
5.40
27.10
30.50
36.70
45.60
13.70
42.80
8.40
31.70
24.90
16.80
40.40
9.70
13.40
44.20
37.00
40.50
6.50
6.50
13.80
10.50
40.80
35.40
36.70
48.30
43.80
12.60
34.30
20.30
6.20
39.00
3.90
2.70
38.80
35.30
46.80
44.90
18.70
33.00
33.90
33.80
29.20
27.50
4.10
40.70
9.40
11.50
21.60
45.60
47.30
30.90
15.00
14.60
33.80
28.30
48.60
6.20
2.70
49.70
1.00
35.30
41.90
26.00
28.80
7.40
20.00
22.80
6.20
8.10
24.90
43.20
43.00
12.70
37.80
14.40
10.70
7.60
5.10
26.10
37.10
22.70
25.10
46.60
19.10
47.60
41.20
39.50
35.00
29.40
18.60
28.30
48.40
32.20
34.70
15.50
17.60
20.40
22.30
49.30
31.20
19.60
27.40
29.10
8.70
36.50
31.10
45.50
2.10
15.60
18.60
15.10
24.70
1.50
46.40
38.20
31.50
18.50
27.40
5.30
1.80
30.40
47.00
38.40
45.40
33.90
2.50
14.20
41.90
34.30
25.60
36.70
21.90
28.30
33.40
17.40
26.80
47.00
0.20
22.40
24.20
18.60
14.00
40.30
30.10
47.90
44.30
22.10
1.40
18.30
22.50
19.00
0.70
21.70
38.60
14.10
44.30
48.20
32.50
23.90
38.50
10.70
21.80
43.70
34.80
12.40
6.90
7.60
19.90
14.00
30.40
4.70
43.70
40.40
4.40
25.90
18.70
33.90
7.70
1.70
7.70
0.00
22.20
19.40
43.60
37.80
42.80
7.00
19.10
48.10
17.40
0.50
18.10
31.70
27.70
37.00
49.00
23.80
12.30
27.30
3.30
21.60
19.80
25.00
21.50
3.80
21.30
17.50
18.90
49.40
28.00
42.40
43.70
22.70
47.30
47.20
29.00
15.50
15.80
28.90
3.50
26.00
33.50
25.90
5.30
49.20
25.50
46.20
12.30
0.20
15.60
16.00
43.70
44.60
40.40
13.10
1.70
21.00
17.00
2.50
23.50
29.00
36.30
6.40
37.00
27.00
0.70
47.80
32.30
15.70
34.10
4.50
3.70
10.60
31.40
14.10
48.00
10.50
33.40
19.50
6.10
27.80
41.40
15.20
28.80
15.00
35.40
1.30
47.10
2.30
2.00
45.00
0.50
10.90
46.50
9.20
10.00
33.60
33.70
12.70
12.30
19.90
9.10
32.70
11.30
34.00
29.40
5.60
8.30
17.00
21.70
24.40
17.70
43.70
12.50
31.20
1.60
7.40
14.70
22.70
5.80
6.90
48.50
41.00
42.70
29.90
15.00
26.20
0.20
10.30
0.70
31.30
12.50
25.20
25.50
25.40
11.60
38.20
4.70
20.10
45.70
41.10
47.10
8.10
32.40
27.40
45.50
25.70
46.00
9.50
9.50
0.60
32.20
8.30
28.10
22.40
22.40
22.10
10.40
46.80
31.10
8.90
19.00
4.90
6.30
6.70
47.70
11.50
6.10
42.30
26.80
31.00
7.90
27.80
44.20
30.40
48.30
34.20
37.30
35.30
9.90
10.30
26.70
6.00
6.10
24.90
23.40
37.00
6.60
44.80
20.50
48.40
26.30
9.30
24.50
43.60
7.80
47.50
44.90
26.20
6.60
45.20
41.80
11.80
47.90
13.50
47.80
8.20
40.20
20.30
20.30
1.50
40.90
24.90
49.90
42.40
0.50
40.40
36.40
24.50
24.20
0.10
36.70
24.10
4.00
25.80
0.30
18.90
21.20
4.80
9.90
28.80
15.90
36.90
36.70
49.20
8.20
48.60
38.50
10.40
35.20
34.40
49.80
15.60
13.20
47.60
21.30
5.80
20.30
6.20
0.40
46.60
18.00
5.40
24.60
18.30
14.20
0.60
5.40
20.40
33.70
25.00
48.00
49.80
0.00
43.30
22.00
10.10
26.40
1.00
19.10
11.90
3.10
24.80
0.00
38.00
6.20
1.50
37.40
34.50
4.10
13.20
45.50
47.20
21.40
30.80
0.60
3.30
11.90
43.50
0.00
46.90
21.20
13.20
19.10
12.60
34.00
46.90
23.80
16.20
38.90
1.30
10.20
37.40
48.10
26.50
6.40
11.30
15.70
29.90
13.70
24.10
47.90
2.90
31.30
7.50
20.10
18.50
45.00
29.50
21.50
8.40
47.30
0.20
29.80
10.40
6.00
24.60
31.90
48.00
15.40
2.60
29.00
48.10
3.10
43.20
26.20
25.60
8.80
30.40
27.30
47.70
4.40
0.80
10.80
22.80
8.20
23.30
1.50
46.70
0.00
35.10
34.20
35.90
6.70
3.10
26.20
21.30
17.00
9.50
9.00
9.00
16.80
28.30
34.30
16.50
42.70
33.00
12.20
4.40
38.50
8.70
15.50
14.60
35.80
18.20
48.50
37.60
5.30
13.60
39.20
12.40
1.20
28.90
17.80
8.90
6.50
19.90
3.30
23.80
6.70
2.00
36.90
29.30
36.20
7.70
13.70
45.50
49.70
42.80
11.50
39.70
11.10
11.30
10.30
38.20
11.60
24.60
24.30
49.70
16.40
15.30
48.00
30.30
44.40
9.00
26.10
9.60
27.90
10.20
40.40
42.00
22.70
8.10
3.40
28.70
13.60
46.70
9.20
31.60
0.60
18.00
5.30
2.60
2.00
9.10
25.80
6.80
46.90
31.40
2.90
4.40
0.70
29.90
31.90
29.20
23.70
42.10
9.10
22.10
8.30
21.10
5.70
13.30
22.50
30.40
17.00
43.20
43.20
5.80
36.10
1.30
7.90
20.20
3.90
31.10
47.00
20.90
0.00
0.60
28.70
26.80
13.50
28.20
47.20
25.50
41.90
8.00
16.40
23.70
32.20
11.00
38.80
4.30
7.50
5.50
9.60
24.90
43.50
12.80
18.80
18.10
44.40
37.40
43.50
43.50
29.30
41.90
36.10
10.70
17.20
2.20
0.40
19.60
29.10
0.50
2.70
16.50
4.00
44.80
10.70
12.40
46.00
8.70
10.80
39.30
39.30
45.50
49.60
40.60
10.90
21.10
7.50
21.80
25.80
43.30
24.20
23.10
30.50
49.40
27.30
27.50
22.80
23.30
20.20
41.00
9.90
9.00
36.20
16.30
45.90
33.20
31.00
29.10
9.10
20.80
25.20
23.40
46.70
43.80
27.50
39.20
37.60
8.90
16.90
0.40
15.30
12.70
12.60
20.20
35.00
31.70
39.70
40.10
42.80
36.60
6.80
0.40
5.00
11.00
10.60
20.10
17.80
28.30
28.40
20.00
17.70
22.40
19.80
28.20
38.60
26.50
14.80
3.30
36.30
10.70
4.40
6.20
5.70
46.50
23.60
15.90
5.30
48.40
36.20
21.70
46.50
5.80
23.80
29.30
29.30
15.40
25.40
15.50
8.40
47.30
34.30
33.70
41.40
35.20
7.70
30.20
24.30
21.50
32.90
32.50
45.90
2.10
41.50
15.40
24.10
48.40
19.70
22.60
32.30
5.30
4.30
33.80
49.40
38.40
8.30
47.50
32.30
42.20
18.30
9.50
14.30
35.20
36.10
33.50
5.70
35.50
1.20
47.60
15.80
39.10
19.90
12.10
42.30
5.20
21.30
19.90
42.70
18.80
49.50
21.20
49.70
6.10
21.00
37.00
31.20
43.20
43.50
7.00
1.50
19.70
45.10
38.20
43.30
30.70
25.30
27.00
2.60
31.00
23.60
48.70
43.50
13.70
45.00
7.40
6.20
40.90
12.90
49.30
33.90
43.00
2.30
39.20
43.00
25.10
21.00
43.50
15.00
8.40
38.70
8.40
37.20
4.60
12.20
15.80
14.60
13.00
39.20
40.20
45.80
34.70
41.00
35.00
38.70
40.90
43.00
27.50
27.10
41.40
34.90
8.10
16.90
16.60
43.70
21.70
20.80
11.70
6.00
28.30
27.60
44.90
24.40
1.50
41.10
48.30
20.40
35.30
15.30
8.30
42.10
23.20
47.90
27.70
8.20
30.40
35.10
31.60
11.20
42.20
1.40
26.10
49.40
26.00
42.90
45.90
49.10
4.30
23.00
48.40
27.50
27.60
9.10
30.30
2.80
42.60
9.50
3.70
49.70
12.00
13.40
23.80
48.30
17.50
46.40
43.50
49.00
20.00
47.90
36.50
32.20
40.50
27.20
23.30
37.90
43.50
38.60
2.90
12.30
47.40
5.50
14.10
31.80
0.30
36.70
15.40
16.50
41.90
27.30
7.30
47.20
29.20
5.30
23.50
30.30
8.90
22.00
8.00
2.50
15.30
32.80
36.30
22.30
23.40
35.60
35.80
2.90
6.60
27.70
41.70
39.30
2.40
18.50
31.30
9.80
48.40
48.40
29.10
37.30
2.40
24.70
10.80
3.10
17.40
3.60
21.20
21.30
23.60
48.90
21.30
45.60
40.00
4.40
35.80
5.80
16.40
25.70
22.80
33.90
8.80
21.70
9.50
28.10
48.50
11.80
0.00
36.90
27.10
14.00
24.10
10.00
49.40
0.50
1.20
8.00
35.30
7.60
43.40
2.30
38.40
46.40
48.00
5.90
4.50
12.30
25.90
4.20
14.40
46.30
33.60
40.20
10.20
37.00
1.00
4.90
6.70
41.00
24.80
22.10
48.20
38.40
41.70
3.90
46.00
15.10
36.90
32.60
49.50
40.20
49.20
38.00
2.20
15.20
14.50
11.30
12.90
29.60
29.90
3.20
6.80
4.80
7.00
23.50
12.80
38.40
15.90
11.70
17.30
29.30
44.80
44.90
13.90
7.80
0.50
31.90
17.40
11.30
22.70
30.40
44.90
10.00
12.10
11.40
44.30
19.30
23.00
35.70
41.80
23.40
26.10
25.80
10.00
21.10
15.10
8.80
2.30
5.10
12.40
46.70
1.20
38.00
19.20
21.60
14.70
21.00
42.00
37.80
23.40
20.10
6.20
46.90
25.10
2.80
25.90
33.30
35.40
49.20
24.20
18.60
32.50
47.30
18.00
16.10
30.80
1.20
35.50
7.80
39.20
2.80
6.20
0.30
3.40
39.20
11.10
0.60
46.90
45.50
26.50
47.30
46.60
3.30
29.40
0.30
18.70
49.20
17.30
5.70
11.30
29.10
21.00
32.20
2.10
10.20
14.80
37.20
40.70
33.60
23.30
43.00
19.40
43.60
49.00
49.30
15.80
47.30
3.50
21.70
45.00
32.20
19.20
38.00
47.30
46.90
45.00
27.70
36.80
33.60
36.00
33.50
25.40
29.10
41.50
41.00
33.60
4.10
43.60
11.10
9.30
31.80
47.30
24.20
8.10
22.70
19.30
13.40
40.30
15.40
40.40
14.60
4.80
18.20
23.80
20.30
38.80
33.20
12.10
4.10
17.90
48.80
13.10
23.40
4.00
21.60
0.10
4.50
34.50
43.40
29.80
35.20
44.30
9.80
30.40
39.80
2.30
15.60
33.10
13.20
3.30
27.40
2.10
23.50
36.40
18.40
45.20
1.40
20.80
48.80
38.10
19.50
20.60
31.30
1.60
38.70
39.30
21.70
14.40
42.70
20.10
30.30
12.50
39.20
33.20
32.40
6.40
5.80
41.10
43.50
23.40
21.30
21.30
9.20
34.10
10.70
46.30
36.10
18.60
8.60
30.50
19.30
35.20
0.30
43.70
10.60
41.80
23.70
25.50
15.10
37.00
7.20
5.10
30.80
17.50
44.80
23.90
41.90
14.20
49.00
14.20
39.60
10.60
44.80
11.40
1.30
18.30
21.90
43.50
5.30
23.20
34.70
22.00
2.30
46.60
28.10
21.60
3.80
14.70
45.90
45.20
22.90
36.80
34.20
40.50
10.50
19.00
34.80
12.40
25.00
9.00
2.30
14.50
29.40
27.70
11.30
25.10
34.50
32.40
45.70
43.10
29.00
19.10
5.30
28.10
13.50
44.80
40.60
49.90
43.10
18.80
30.10
36.00
15.10
8.00
32.00
28.50
29.50
20.60
8.20
49.60
28.30
1.60
28.80
12.40
9.00
48.40
16.40
26.90
29.80
6.50
3.90
29.50
15.90
26.60
12.00
19.60
38.50
6.00
35.70
21.40
35.90
39.40
48.20
36.10
23.20
8.50
45.10
38.80
28.20
4.90
10.30
12.30
48.80
8.90
37.90
8.00
13.90
4.30
0.80
43.90
6.30
30.50
47.30
6.60
30.60
19.60
8.40
16.30
23.20
14.70
35.30
43.30
4.80
16.20
25.40
42.70
13.90
29.90
29.90
20.80
15.70
0.60
16.40
48.40
34.10
31.30
10.40
37.90
37.50
25.30
44.50
47.70
31.50
6.40
36.30
25.70
10.10
47.70
44.70
35.90
2.10
35.60
37.00
21.80
42.20
17.30
4.60
0.50
48.10
22.50
5.30
44.60
18.60
19.80
4.70
22.70
0.00
32.20
13.60
5.10
17.30
39.20
28.50
29.10
30.70
27.70
4.30
30.00
45.50
35.00
20.00
30.00
8.10
9.80
27.80
15.20
32.90
24.40
22.50
13.10
12.90
10.60
11.00
38.70
29.70
40.50
17.90
44.90
41.80
46.10
30.80
28.00
8.90
16.30
21.70
39.50
49.90
47.20
44.50
37.50
30.20
18.30
12.50
15.30
33.50
14.50
15.40
19.70
4.80
26.90
43.50
42.80
14.50
10.00
44.90
12.00
49.40
20.70
5.50
25.80
3.20
27.40
0.50
20.80
21.40
13.90
31.00
12.20
32.60
16.00
17.80
25.20
35.90
11.60
8.20
13.90
47.00
14.50
49.50
39.30
14.20
40.50
39.40
13.90
4.90
25.10
11.90
10.40
26.30
26.50
32.80
8.60
5.50
37.90
11.30
26.20
44.50
12.40
0.00
8.70
4.40
31.30
7.10
29.70
1.70
19.30
28.10
28.20
2.00
32.70
8.00
33.40
14.60
34.60
15.10
42.90
1.00
43.10
16.40
33.90
4.00
19.30
46.30
6.90
31.10
2.30
18.10
29.10
21.20
33.00
27.40
14.70
26.50
13.50
28.00
48.60
13.70
15.70
4.00
15.40
42.50
33.10
26.50
21.80
22.60
40.60
23.40
13.20
29.20
16.20
36.90
3.80
20.90
19.40
43.30
30.30
20.10
32.20
42.10
48.70
27.50
39.10
49.90
32.70
20.10
26.90
42.00
22.00
26.70
31.30
34.20
39.00
30.80
21.60
45.50
3.50
44.50
14.50
37.60
44.40
12.40
36.50
42.40
3.70
0.50
48.60
12.20
12.70
42.90
37.10
5.70
38.70
47.90
28.10
9.50
18.20
30.00
45.30
42.20
35.10
30.50
18.90
35.70
3.20
27.80
34.80
10.50
31.80
48.40
15.90
27.80
12.30
25.70
2.60
36.30
4.70
35.50
24.60
37.10
4.50
28.40
28.60
46.00
5.30
46.20
26.10
5.90
39.60
13.90
44.70
20.20
14.80
34.90
28.70
18.00
46.70
47.00
21.90
46.60
36.10
2.20
29.20
19.80
47.00
8.10
32.50
14.70
37.30
10.20
25.30
22.20
6.20
41.20
40.30
32.90
29.10
29.80
12.50
12.10
2.60
32.20
33.10
49.80
5.80
25.80
2.60
41.20
1.20
38.80
40.90
28.10
0.60
8.40
15.80
20.70
27.40
39.30
24.70
2.00
33.10
26.80
7.60
3.50
26.60
41.60
3.90
12.70
34.10
29.40
2.10
33.10
44.60
32.00
10.90
18.00
14.80
44.10
21.60
39.50
11.50
45.30
2.70
29.20
29.50
12.10
23.30
30.30
24.20
15.00
11.60
16.50
18.60
49.30
6.60
35.20
35.80
28.90
11.90
37.40
33.00
33.10
21.20
0.80
49.60
10.80
23.50
25.70
25.70
7.00
1.50
2.30
32.50
7.20
35.70
49.50
41.30
30.20
20.60
22.60
46.00
48.80
7.40
27.40
44.80
22.30
8.10
44.50
33.60
19.90
34.10
9.90
9.40
40.70
32.10
21.80
22.60
17.20
21.50
4.40
11.50
31.00
24.90
34.50
26.10
43.50
30.80
20.30
36.50
48.60
22.30
25.60
32.80
16.80
36.30
36.30
32.90
48.40
48.90
46.30
26.60
35.80
25.00
18.20
5.50
10.60
17.50
29.80
48.20
19.20
47.60
4.30
27.40
7.20
42.10
30.80
45.50
36.70
47.00
18.30
17.50
26.30
45.70
48.40
37.30
30.20
18.90
15.70
37.80
15.50
1.30
3.50
46.60
23.60
25.80
23.40
39.00
18.70
4.30
37.70
3.10
20.90
39.90
38.50
23.30
48.50
0.70
3.90
0.20
28.20
41.60
8.60
24.20
26.80
30.70
20.20
42.90
35.60
46.10
35.60
21.40
36.20
26.90
27.50
30.40
44.40
21.90
13.50
14.80
28.40
49.40
12.30
14.10
23.50
26.50
19.30
31.80
0.10
40.70
28.50
10.90
38.50
30.20
6.00
19.30
11.60
46.30
37.90
30.20
3.20
34.20
11.20
14.20
39.00
41.00
30.10
5.00
30.10
12.70
25.10
5.70
44.40
45.00
18.50
8.70
30.60
33.90
1.50
12.10
31.40
25.50
2.20
36.20
12.10
40.60
43.50
8.90
18.00
32.30
48.00
26.10
28.80
41.70
10.80
31.90
22.30
25.10
47.40
20.40
5.40
47.60
49.30
46.60
45.80
28.90
19.00
2.10
4.00
5.40
12.10
20.80
3.70
28.90
33.00
35.10
11.50
40.50
12.90
1.90
34.80
7.90
11.60
32.20
35.10
16.90
22.10
32.70
21.90
26.50
49.30
28.50
3.80
1.60
12.30
24.00
38.40
21.70
30.30
43.20
29.40
35.50
6.90
43.40
5.90
38.60
5.30
16.70
23.60
45.50
48.10
29.30
5.60
18.70
34.40
48.30
29.00
7.70
40.40
48.50
23.80
25.30
3.80
41.00
3.90
21.90
32.50
3.30
42.50
13.10
23.00
14.10
13.40
9.60
15.90
35.40
12.60
37.30
6.20
18.50
40.20
49.90
36.50
6.80
18.00
22.90
46.20
31.70
18.70
42.70
6.60
26.70
1.50
18.60
32.60
44.00
18.80
42.60
11.40
18.50
24.10
21.10
21.30
7.00
12.90
34.60
1.70
42.10
26.50
48.20
48.20
4.80
47.20
1.50
0.20
34.90
42.00
23.40
46.10
22.60
3.00
10.80
46.90
11.00
9.00
31.30
26.10
39.10
7.50
13.10
35.60
44.00
31.60
20.10
47.80
46.40
15.40
29.20
38.70
15.30
15.30
6.30
22.40
16.60
1.10
16.60
44.80
10.30
39.90
8.00
25.80
0.30
35.00
2.10
31.20
41.40
15.30
23.90
24.60
47.40
36.40
36.40
28.60
19.90
23.20
1.80
3.50
11.80
36.20
14.00
17.80
2.40
35.60
16.40
16.70
45.20
40.40
3.60
17.30
15.60
21.30
30.70
29.90
40.50
49.90
23.10
16.40
47.30
21.90
3.20
1.90
21.60
40.00
25.80
44.70
23.80
28.70
35.10
33.30
7.60
6.30
6.10
35.30
15.70
19.00
33.10
49.20
34.00
8.90
11.10
26.50
7.30
23.60
44.00
31.70
14.90
25.80
35.10
40.10
14.10
17.30
13.10
18.60
5.50
13.80
7.80
17.00
48.60
48.90
15.50
9.10
6.50
37.60
42.00
35.60
28.10
1.70
4.80
47.60
4.60
22.40
39.80
34.90
48.80
34.70
33.00
45.10
49.90
39.90
34.20
31.60
41.90
12.60
27.10
18.30
1.10
33.40
13.10
18.60
15.70
7.40
21.80
40.60
36.70
28.00
42.10
49.70
1.00
13.90
6.40
30.20
27.60
30.70
24.80
13.10
14.20
28.30
45.60
2.10
46.80
0.60
15.80
0.20
43.00
43.50
8.10
16.70
4.70
20.20
47.30
35.10
38.40
7.00
46.00
33.90
39.00
38.10
26.70
8.40
22.40
15.60
35.60
16.70
4.10
13.50
17.80
13.40
11.60
36.10
10.50
17.50
15.20
34.10
43.30
3.60
0.80
23.70
24.30
47.00
0.60
45.00
25.40
42.20
7.70
20.00
33.30
6.80
37.40
44.00
29.10
17.50
19.70
34.40
19.40
4.80
4.60
11.10
29.80
49.40
25.00
25.00
26.30
41.00
33.60
22.70
13.60
4.30
3.60
16.30
29.80
1.40
22.90
15.00
10.80
4.50
44.20
12.60
44.40
9.40
39.50
39.50
5.60
3.90
46.40
11.50
23.80
28.80
43.20
3.80
8.70
37.30
41.60
39.20
15.30
43.90
16.20
28.80
14.90
10.50
3.60
3.60
48.20
18.20
12.30
36.20
42.60
40.30
5.70
27.50
31.70
41.00
12.80
11.50
1.70
23.30
4.40
34.90
2.10
20.30
9.90
44.50
22.10
37.40
11.60
10.90
3.90
5.40
13.80
43.10
41.50
15.00
46.70
17.50
11.50
18.10
10.20
10.70
31.40
30.60
9.80
18.90
3.60
39.50
32.70
6.30
48.90
14.40
1.80
37.00
21.00
46.40
42.20
34.10
20.60
3.60
22.50
19.60
38.80
1.30
38.60
40.00
38.20
48.80
2.40
36.50
30.00
25.80
9.70
6.10
38.70
38.50
15.50
23.60
32.80
32.80
17.40
25.40
20.90
29.80
13.80
30.50
5.30
10.90
0.30
48.80
28.50
10.80
5.30
18.30
28.50
2.40
7.80
18.40
1.40
18.90
48.00
9.10
4.50
20.30
20.30
43.70
28.00
7.60
6.60
27.40
44.40
23.20
16.80
11.20
32.00
39.80
7.50
41.00
3.70
37.60
17.90
29.60
33.00
41.60
25.40
45.50
47.90
47.80
32.50
28.10
48.60
23.50
49.30
12.70
28.90
22.00
26.20
25.40
32.30
29.10
3.60
17.50
9.20
8.60
5.80
41.60
39.00
40.50
19.20
40.30
30.00
47.50
43.10
10.40
26.30
15.20
33.80
40.10
23.10
34.40
46.30
42.70
36.20
28.40
3.90
7.80
24.80
9.80
43.30
35.00
38.20
35.10
4.20
28.50
19.40
22.10
37.70
37.50
42.00
9.60
7.80
3.30
46.90
12.50
35.70
4.80
28.70
6.90
40.40
47.50
28.50
4.20
17.20
5.10
11.20
8.50
3.40
30.10
1.60
29.60
3.90
42.20
31.30
3.50
34.50
39.30
23.40
12.20
42.90
0.80
24.80
32.70
36.30
26.60
3.30
20.70
18.30
49.60
25.10
36.50
26.30
7.50
7.90
24.30
20.80
31.30
41.50
30.10
16.80
27.30
3.40
21.00
7.30
31.70
47.80
23.50
6.80
42.90
42.70
36.40
29.60
4.20
46.30
6.70
48.90
30.70
43.80
30.90
31.10
5.50
9.20
49.70
24.30
6.00
35.20
41.80
10.10
24.20
0.10
32.90
7.10
32.00
27.30
18.30
18.10
3.00
40.40
41.70
31.40
35.10
49.80
41.60
47.40
45.70
14.50
45.80
21.10
9.80
27.20
1.70
22.60
34.30
47.90
18.00
42.90
13.10
29.80
7.40
35.10
11.40
40.90
6.00
1.40
22.10
39.40
36.00
38.50
24.40
28.70
15.70
34.60
48.40
12.90
28.70
33.20
41.60
6.60
31.80
40.20
39.10
19.40
2.60
21.20
42.30
7.50
40.50
22.10
44.20
43.90
37.00
3.20
48.80
20.50
9.90
22.00
17.50
25.20
36.10
39.80
41.90
9.10
38.30
16.80
19.10
31.30
32.90
42.60
16.00
5.00
24.30
29.10
45.60
6.80
46.30
16.20
0.80
1.00
44.70
48.70
28.70
33.90
21.00
12.60
15.30
34.10
24.60
18.90
5.70
28.90
19.90
37.70
47.20
25.90
38.80
32.10
21.00
49.20
7.00
27.30
10.50
45.40
0.80
15.20
15.10
20.00
47.20
24.90
26.90
0.60
36.40
13.40
35.90
19.30
33.00
43.20
4.80
26.40
42.30
4.10
25.90
31.30
10.60
26.90
29.60
3.10
38.60
14.00
13.20
37.80
8.90
41.20
47.70
3.20
3.00
8.80
10.50
21.60
31.50
4.20
32.00
29.30
5.70
48.50
49.60
6.40
11.80
13.30
40.10
37.80
8.90
23.00
16.20
39.00
1.00
45.10
15.50
14.10
6.20
27.50
2.20
35.10
13.20
2.40
35.00
4.20
28.90
34.70
48.20
16.20
11.40
28.80
26.70
29.50
36.00
23.80
14.10
26.60
36.80
47.30
5.60
38.90
18.30
23.50
45.00
38.60
18.20
1.50
19.70
12.10
30.10
26.50
34.40
32.70
21.30
24.60
16.30
37.90
46.90
10.70
27.80
49.40
34.60
28.40
23.70
2.00
0.80
0.50
46.00
47.80
26.40
44.50
0.10
13.10
31.40
24.40
37.20
2.10
33.20
15.50
49.20
28.40
46.80
8.90
5.20
49.60
18.00
44.20
32.30
1.60
7.10
24.00
3.10
43.90
21.10
8.20
48.10
14.00
39.40
27.20
46.30
34.90
40.40
28.40
13.90
1.50
47.70
47.70
41.80
48.40
27.50
38.60
3.30
48.10
49.90
3.50
20.20
44.00
17.10
43.50
38.30
19.30
35.00
2.80
30.20
30.90
29.10
11.30
25.00
22.70
23.20
11.60
23.20
26.80
7.00
37.90
26.90
47.70
16.20
13.70
8.90
2.80
16.60
39.40
0.30
14.50
28.70
40.20
16.80
47.00
33.60
24.80
39.90
20.60
20.90
13.40
26.90
38.50
42.10
21.90
11.30
9.70
21.40
21.40
16.10
34.80
17.40
2.80
26.00
20.00
36.70
44.90
22.80
26.00
33.80
8.90
13.10
44.20
49.90
1.20
7.90
24.90
24.90
20.80
26.20
36.90
8.90
2.90
38.80
32.60
41.90
32.50
24.80
29.60
3.10
31.50
14.50
5.20
46.90
27.50
14.50
14.50
39.10
30.30
34.20
42.50
8.70
9.20
28.20
24.70
7.80
33.80
24.10
5.30
44.00
34.80
28.20
18.10
24.00
16.50
42.40
38.70
49.90
6.40
18.80
43.40
21.90
30.30
9.50
41.70
42.60
49.20
17.20
24.10
38.10
5.80
4.00
5.60
15.00
11.90
23.30
7.90
25.00
11.40
33.10
43.50
24.00
43.40
12.40
3.60
43.00
26.30
8.40
26.10
37.80
31.00
40.20
44.20
27.70
23.20
3.70
10.30
4.80
32.10
12.70
17.60
28.00
39.70
6.30
30.90
30.70
19.60
35.00
12.50
21.30
38.60
28.10
46.50
42.90
21.40
2.10
14.80
43.90
2.30
47.40
17.30
8.80
33.40
36.50
7.10
16.50
15.50
16.40
2.10
12.40
44.30
36.10
28.40
6.90
24.70
10.40
28.50
44.90
38.50
12.70
4.70
7.90
40.60
11.10
46.00
33.90
5.70
28.30
34.10
22.30
30.70
14.70
14.80
38.00
4.60
49.30
22.60
2.60
14.70
5.40
22.30
46.40
44.10
25.00
44.20
39.60
39.70
2.60
38.70
41.50
7.40
28.20
34.70
48.20
9.90
13.70
5.60
40.80
41.00
24.60
24.80
36.00
8.70
28.80
21.20
8.70
41.40
47.10
0.80
22.60
44.70
38.10
16.80
38.00
42.40
46.80
47.90
47.60
47.90
22.90
25.70
24.90
34.80
14.30
36.70
1.90
39.90
14.40
7.40
17.50
3.10
26.60
44.50
48.90
44.40
18.10
35.70
17.90
19.90
6.00
41.30
3.70
23.40
32.70
19.10
10.00
43.30
29.20
8.60
43.10
43.30
49.30
34.40
7.40
4.00
17.70
3.90
21.80
26.90
36.40
31.10
2.10
38.20
22.90
49.60
22.20
44.20
22.20
42.00
33.90
16.60
42.10
35.10
3.30
24.20
1.30
49.40
15.90
49.80
17.40
42.60
42.10
29.10
40.40
5.50
5.20
23.40
40.50
4.20
28.20
7.10
22.70
33.90
13.60
8.80
48.10
7.80
9.10
13.50
4.50
26.60
41.80
35.20
9.00
40.30
42.10
42.10
42.10
48.70
40.80
37.80
46.20
16.60
43.30
22.50
17.50
3.60
29.60
12.70
33.40
2.40
34.20
14.00
12.40
45.00
45.30
26.50
27.80
22.40
33.60
35.20
8.10
1.30
5.90
37.00
34.20
35.30
49.00
7.70
15.20
6.90
19.80
32.60
47.70
28.10
14.40
29.10
39.00
3.00
43.20
23.30
20.20
17.10
45.20
16.00
9.90
29.10
3.80
49.40
20.30
44.70
8.00
34.10
6.70
14.90
28.00
4.70
15.50
5.40
45.50
37.80
33.20
24.50
32.20
11.80
18.10
34.10
40.20
28.00
43.80
9.50
34.90
12.30
31.90
30.70
21.20
24.70
26.00
21.90
4.80
41.80
48.00
20.40
43.30
6.10
19.10
4.40
10.70
38.20
14.40
44.80
9.80
0.20
12.40
25.50
45.70
29.00
46.50
2.50
38.70
15.80
3.50
19.80
32.50
1.10
28.50
33.80
49.00
48.40
36.30
23.50
27.40
37.90
15.70
10.10
9.80
33.30
19.90
21.10
20.10
2.20
36.50
36.50
40.50
8.30
7.30
40.70
25.30
24.50
49.90
11.00
26.10
40.80
21.00
31.40
21.60
13.40
7.80
30.00
21.80
15.10
4.80
39.20
14.60
0.50
45.20
43.40
30.10
10.50
46.20
46.90
46.10
39.40
18.40
19.20
22.90
17.10
16.10
8.60
39.20
28.70
5.70
46.70
20.80
42.50
43.70
46.00
6.00
16.40
26.50
41.50
16.60
23.20
4.40
2.80
0.50
2.60
19.80
30.50
23.30
27.10
46.60
13.80
14.70
48.30
28.80
18.50
21.40
31.40
24.60
43.40
35.60
42.70
29.50
30.50
30.50
44.30
29.50
41.80
23.50
19.70
43.10
1.00
45.30
11.00
3.00
20.00
33.80
22.40
0.50
48.00
22.10
28.70
31.70
35.60
8.50
17.40
1.10
8.40
32.70
39.40
26.40
47.80
28.70
45.40
13.80
48.00
22.70
9.00
48.60
17.50
8.70
48.30
0.50
5.00
31.60
29.80
21.50
43.70
19.10
2.60
1.70
2.20
18.70
6.00
17.60
17.60
36.10
15.10
31.70
5.80
48.50
18.50
39.20
30.00
45.00
36.70
39.10
37.80
36.70
18.40
45.20
23.20
49.40
49.40
16.90
18.40
33.20
48.60
21.60
21.80
14.70
41.20
1.00
34.50
16.10
11.60
31.20
49.00
4.90
43.60
49.50
39.70
4.90
30.30
27.30
8.80
35.20
34.00
43.80
32.70
0.00
16.50
20.30
29.80
1.80
31.40
26.00
29.60
3.70
39.30
4.30
17.00
3.40
25.40
36.60
3.60
35.40
27.70
5.00
12.10
12.80
22.00
6.40
14.60
37.80
28.50
9.50
0.90
7.60
39.50
30.70
40.40
42.30
2.10
46.80
36.60
29.30
8.80
2.80
44.90
0.30
17.10
20.20
14.90
10.50
12.00
1.50
22.30
40.60
2.00
7.20
15.10
7.00
6.90
44.00
22.40
18.40
9.50
20.10
12.70
22.60
22.70
24.20
46.20
40.50
14.80
48.60
43.20
7.10
33.80
10.30
41.20
49.40
41.50
34.30
48.90
20.00
40.60
5.50
29.00
38.70
1.50
44.00
16.30
38.00
7.90
0.30
10.00
13.70
8.00
41.40
7.80
15.60
22.70
48.10
36.90
21.20
37.50
12.50
26.60
5.30
35.10
8.40
48.60
42.00
37.50
8.90
14.90
31.40
1.70
26.80
44.80
30.90
41.20
43.50
0.10
48.00
41.00
38.50
2.00
12.20
49.80
24.20
10.80
18.40
38.90
28.40
13.00
48.70
7.60
25.90
3.70
18.70
27.70
18.60
45.90
34.90
40.30
12.60
31.10
43.90
27.90
41.10
16.90
11.30
25.30
12.80
6.90
30.10
13.60
24.60
28.90
1.80
24.70
24.90
23.70
12.00
9.60
3.10
11.00
15.10
20.70
11.00
47.50
32.10
49.80
1.80
17.30
19.90
36.40
4.10
11.40
5.50
10.10
20.80
33.70
41.90
15.70
47.80
6.90
29.70
18.60
42.10
40.90
28.30
26.30
36.50
13.50
18.40
37.50
28.70
18.20
39.80
1.50
0.40
42.90
9.90
24.30
16.50
4.30
4.70
21.00
27.00
11.60
29.40
2.30
18.40
2.30
15.60
22.60
0.60
35.30
45.50
45.50
12.40
13.90
38.30
16.70
5.40
2.30
37.20
7.30
0.30
31.60
31.60
13.70
37.10
29.50
2.20
35.40
24.00
45.30
29.60
16.80
46.00
3.90
20.30
3.40
15.50
4.00
19.70
24.80
2.90
46.80
38.30
6.80
37.40
15.70
16.90
43.50
24.20
24.30
17.80
23.90
5.00
24.70
6.80
44.20
34.70
27.40
14.50
32.10
0.40
36.00
43.00
9.80
28.30
49.60
46.70
27.70
41.50
3.80
3.80
29.30
23.00
31.50
49.60
28.80
49.90
41.30
4.10
36.60
44.30
43.60
27.80
47.90
46.90
6.10
44.20
41.20
0.40
40.50
18.70
9.90
48.50
5.80
35.40
0.30
29.80
48.90
39.10
21.00
46.70
11.50
14.90
7.00
4.80
44.90
29.60
28.90
33.40
7.70
16.60
44.30
40.60
49.80
47.30
20.20
8.60
3.30
40.70
45.50
35.90
8.40
2.60
46.70
40.50
17.30
7.50
12.70
26.70
8.00
40.20
0.90
21.10
0.10
11.40
36.40
45.40
2.70
48.20
29.20
16.90
17.90
7.50
17.50
17.40
25.70
16.10
0.00
14.90
43.60
15.40
5.10
12.30
10.50
6.60
42.00
7.50
10.50
15.40
28.20
13.90
23.80
32.70
33.20
40.80
17.90
6.40
33.00
10.40
6.60
3.60
3.30
6.20
42.20
17.70
33.80
33.80
18.30
9.30
22.00
34.20
8.50
46.60
5.80
27.50
31.50
30.50
28.10
27.80
13.40
14.90
1.20
31.90
39.40
1.50
40.10
29.10
12.90
43.90
17.20
7.50
30.30
4.00
34.60
25.40
44.80
37.00
9.20
6.50
2.90
48.90
48.90
7.00
31.60
18.60
5.00
24.70
25.90
21.50
34.50
16.60
30.10
32.20
37.40
9.50
37.40
22.10
1.00
28.40
35.00
18.40
3.20
26.20
37.40
20.10
40.10
14.90
35.80
32.00
5.50
28.70
25.20
33.00
26.80
7.00
30.80
26.70
11.00
16.60
17.10
38.40
42.50
2.80
9.20
33.60
19.00
22.90
19.60
35.30
30.40
29.00
35.30
28.30
30.60
19.70
42.80
36.40
46.20
44.90
9.30
33.00
0.60
1.70
48.40
11.20
8.60
43.90
23.80
34.90
47.10
49.10
47.30
43.00
1.00
18.90
34.90
30.70
42.90
33.90
38.70
17.20
49.20
28.40
44.10
1.00
40.20
24.70
44.60
27.80
36.50
31.00
24.50
49.90
22.10
11.50
20.30
37.80
33.10
6.20
4.40
39.60
16.40
25.00
3.10
33.00
41.90
45.60
16.60
2.70
31.70
29.50
35.40
7.70
18.20
6.30
10.00
9.60
5.70
12.50
41.00
35.60
17.80
18.70
43.80
7.00
23.30
42.90
13.60
11.00
43.50
35.50
11.40
9.40
24.50
19.70
48.30
31.40
34.30
20.60
40.50
32.60
19.50
37.00
10.80
25.30
25.70
17.60
21.40
48.40
7.40
38.70
43.80
45.10
0.50
11.10
31.30
37.20
44.80
38.20
26.20
0.40
37.70
43.40
9.90
18.10
7.00
17.40
41.10
30.00
26.50
16.90
8.30
35.70
10.50
7.10
43.60
23.20
32.80
22.20
49.70
16.00
18.30
33.30
25.30
6.90
24.60
49.60
21.70
18.30
13.90
31.50
22.10
25.60
44.10
8.80
36.20
39.30
38.60
32.50
30.60
5.20
26.20
41.40
25.90
23.10
30.10
21.80
47.10
33.30
33.30
21.20
4.40
48.30
34.90
1.60
13.80
30.30
48.40
22.80
39.70
41.70
19.20
34.50
19.40
48.40
20.10
11.20
22.80
27.90
37.80
37.90
34.40
10.60
11.00
14.00
31.10
16.10
17.70
7.40
33.90
26.90
30.00
14.90
33.70
23.80
37.00
37.20
18.50
26.60
39.30
45.60
40.30
32.80
23.90
32.80
18.90
44.60
11.60
32.20
46.70
49.10
7.30
3.70
12.80
27.30
10.90
23.80
37.50
6.10
34.70
41.90
16.90
8.50
37.80
30.10
21.10
35.10
43.00
41.80
42.50
42.50
11.30
7.00
47.50
25.60
48.40
4.90
44.10
37.00
41.90
3.80
16.70
43.40
19.30
38.50
7.60
30.50
49.40
29.50
14.20
0.20
22.90
39.80
30.10
12.90
24.80
20.00
47.70
31.60
27.70
2.10
49.80
35.60
45.70
33.90
49.90
29.70
7.00
20.70
49.10
26.30
47.30
46.90
31.10
44.40
17.20
11.90
24.50
28.80
14.70
13.20
0.50
14.90
44.30
9.70
32.40
37.60
8.10
44.60
10.30
23.90
25.60
22.10
36.60
37.00
2.40
5.30
30.80
49.50
14.60
29.80
39.70
29.90
29.90
32.50
35.70
31.60
20.30
7.70
41.50
15.10
48.40
44.80
9.60
48.60
1.70
38.80
4.30
1.90
40.70
6.40
35.20
1.40
28.10
9.10
23.50
37.10
47.90
28.30
40.10
22.90
37.80
23.10
20.70
3.50
40.30
48.40
42.30
19.00
44.50
22.60
5.90
5.90
27.00
13.10
30.70
1.70
10.90
38.50
29.70
43.00
23.00
42.00
21.00
25.20
30.70
41.50
46.80
18.70
3.90
11.70
38.00
38.30
24.20
33.50
12.70
38.90
15.50
29.40
9.70
35.50
2.00
31.40
49.40
0.10
44.40
25.40
7.10
46.90
38.00
16.20
33.50
38.40
13.30
21.40
4.60
7.50
2.20
10.40
28.20
23.60
45.90
32.20
13.70
40.00
44.70
41.60
13.20
0.50
44.30
48.50
49.40
34.50
3.50
27.40
38.00
45.80
49.80
41.70
39.10
42.40
36.90
18.00
45.90
1.10
22.10
38.00
16.90
24.10
21.40
6.00
35.40
19.20
29.20
47.00
36.90
36.40
11.20
9.00
25.20
35.50
18.70
0.70
21.80
21.80
48.50
32.50
29.80
3.00
18.80
8.60
14.60
8.90
7.70
43.70
1.00
8.70
1.90
43.30
1.50
2.60
25.80
36.90
14.80
42.40
29.10
8.50
29.10
43.60
2.70
29.10
21.80
44.80
0.50
21.00
2.20
9.80
14.70
4.50
25.20
22.30
40.00
11.00
29.00
10.20
33.20
20.70
4.00
23.30
31.30
30.30
1.30
43.80
41.40
6.90
23.40
20.50
7.30
42.80
17.90
6.50
44.80
38.40
9.40
14.80
38.40
9.40
14.80
6.00
2.80
32.80
25.40
12.20
37.40
16.20
5.30
5.30
37.30
33.20
38.60
47.10
8.10
44.40
23.30
36.10
2.70
2.00
22.50
39.10
31.40
47.90
35.90
49.50
35.90
49.50
39.50
2.00
44.10
29.60
8.60
18.70
21.60
34.50
39.90
43.20
17.60
17.60
7.30
38.90
17.50
2.90
17.70
18.50
18.30
17.30
33.50
16.00
40.20
26.10
26.10
28.50
22.40
28.00
19.00
38.50
26.10
1.00
25.70
11.40
7.80
6.50
7.10
24.80
33.00
13.10
45.60
25.10
16.80
33.90
20.10
37.80
5.60
10.30
9.60
22.80
10.70
24.60
32.00
9.60
32.00
4.10
46.80
6.60
25.50
31.40
45.70
17.20
31.10
38.30
4.20
47.40
29.70
30.20
47.00
22.70
24.30
9.40
17.30
30.80
20.10
19.10
34.90
25.10
4.40
11.40
30.70
9.30
33.80
47.90
4.70
36.10
30.40
3.90
32.60
18.40
19.40
18.60
27.70
26.00
32.90
0.30
20.90
10.80
41.60
38.80
21.60
4.20
17.50
46.30
2.00
10.10
19.90
20.20
29.90
49.10
33.30
37.70
5.20
19.60
49.60
22.20
24.60
23.10
26.00
28.00
38.90
16.60
40.10
0.60
36.70
23.60
29.70
21.60
43.60
6.10
40.90
6.70
27.00
29.30
0.10
21.10
5.20
26.80
29.70
18.40
23.20
11.00
16.80
21.30
31.50
39.40
28.10
15.30
4.20
15.70
47.10
9.10
40.80
42.20
19.20
36.90
34.60
33.30
43.80
32.00
1.00
1.00
31.60
43.20
2.50
36.60
43.90
27.40
26.40
2.10
44.00
49.20
24.90
18.10
5.50
7.30
32.00
46.50
18.40
21.90
22.30
37.30
35.30
14.50
35.40
46.30
39.50
49.80
8.60
40.70
39.90
37.20
25.50
7.20
37.60
33.20
22.90
22.90
1.60
15.10
29.30
39.50
7.60
47.40
45.80
3.20
0.20
28.30
46.50
44.10
5.20
0.30
31.40
17.90
2.00
36.70
14.60
43.80
23.60
31.00
16.50
37.90
10.70
3.60
49.70
5.10
30.50
7.30
40.00
20.90
6.80
13.60
13.60
31.70
38.10
12.80
27.00
5.60
46.40
9.50
5.80
16.30
40.40
18.50
35.40
24.70
48.40
10.80
49.60
48.30
10.40
23.90
8.40
15.20
14.70
37.70
38.70
47.80
44.20
4.80
30.90
48.40
8.00
17.10
14.00
38.70
13.30
22.30
25.00
37.30
38.30
14.20
32.50
30.30
1.20
11.70
41.80
2.40
45.00
19.90
44.70
32.80
38.10
2.00
24.70
30.70
30.70
12.70
22.60
2.10
22.50