Recife - Temperaturas:
25.80
45.20
32.40
9.30
16.70
28.70
17.70
5.10
47.10
41.60
6.30
0.00
8.20
12.40
6.90
8.50
13.70
20.80
33.30
22.90
1.60
39.10
45.40
26.20
19.50
29.90
20.80
41.40
11.40
19.00
1.40
21.90
14.00
37.60
8.20
29.70
21.20
11.90
13.90
32.20
45.80
9.40
22.50
47.70
42.70
25.90
41.10
31.60
15.60
35.80
23.50
42.00
6.60
3.50
48.20
38.10
44.40
32.60
14.10
38.80
7.90
38.00
19.70
10.10
8.60
36.90
29.60
15.70
49.00
19.20
24.20
36.90
2.20
30.20
0.50
2.80
35.30
4.20
30.80
24.70
38.10
44.10
18.00
30.30
37.30
47.70
37.20
47.90
38.60
31.40
16.20
41.40
13.10
17.20
48.70
18.60
47.40
9.30
43.10
45.70
42.80
48.50
45.80
17.20
21.40
41.10
3.70
10.00
39.50
0.90
47.40
38.90
6.10
4.00
14.30
30.00
13.60
45.80
30.70
45.30
32.70
34.20
2.10
14.30
17.20
12.60
5.00
15.90
9.80
0.60
9.00
37.30
19.30
3.30
14.60
13.10
35.00
49.20
34.90
13.70
10.90
30.20
17.20
8.00
4.50
5.80
30.50
33.20
41.60
41.90
22.10
16.50
5.00
31.90
8.70
21.80
9.30
44.20
45.50
14.60
32.90
16.10
32.10
9.90
4.50
34.50
9.60
12.10
46.30
33.20
5.20
7.70
29.80
24.50
24.30
45.40
5.90
3.50
0.10
48.30
38.60
38.50
27.50
21.60
8.10
14.10
28.90
28.30
9.20
23.50
31.60
45.40
20.50
25.20
23.50
25.70
3.60
19.20
42.20
7.90
23.70
37.40
4.30
11.70
6.30
9.60
1.80
40.80
33.00
5.20
32.50
15.10
39.90
44.10
20.90
9.60
26.50
44.30
4.60
10.00
18.20
42.30
30.80
45.50
1.70
20.00
14.30
32.30
21.20
21.00
21.30
8.20
41.80
41.80
45.00
39.70
0.80
4.70
23.50
25.30
6.70
11.40
27.10
8.10
28.60
35.50
10.30
41.90
36.70
6.00
12.30
28.30
22.60
42.10
0.60
39.40
26.00
28.60
23.50
42.60
39.20
27.20
47.50
12.90
28.50
39.70
37.30
0.80
9.80
11.50
28.70
26.40
13.00
35.80
28.20
38.60
7.20
49.20
48.70
3.40
24.10
4.60
21.80
37.00
31.20
2.20
30.10
37.30
4.80
3.70
21.20
20.70
41.30
38.90
10.70
19.10
3.90
35.00
10.20
28.20
46.50
32.40
37.90
16.90
29.30
21.60
29.20
46.30
18.30
28.50
8.90
19.80
30.20
15.50
22.20
46.70
29.10
5.90
44.80
12.30
33.20
2.10
45.80
38.30
31.50
16.90
10.10
15.00
30.30
29.70
6.80
29.00
5.20
32.20
46.80
7.20
16.50
15.40
45.10
14.30
13.00
10.40
47.50
41.40
43.10
13.60
31.20
32.30
0.20
3.00
38.30
13.00
44.60
40.90
16.10
46.30
12.20
40.20
4.60
30.20
34.20
30.10
49.60
11.50
42.80
20.70
30.70
35.00
0.50
29.00
45.90
43.20
27.90
38.70
48.40
31.60
18.90
19.40
46.00
20.90
0.80
36.10
16.50
18.60
34.10
38.90
47.10
43.30
16.20
0.20
31.90
32.20
15.40
37.10
41.40
44.50
37.20
46.80
33.80
20.50
1.30
31.50
43.30
48.50
6.30
11.80
44.40
28.80
12.60
40.90
30.50
48.30
25.00
4.40
38.40
5.70
5.60
28.50
43.70
29.50
7.10
33.10
8.80
10.90
38.30
7.20
41.70
7.10
6.30
48.90
6.00
24.70
26.90
0.20
41.90
16.10
28.70
42.00
35.30
16.50
31.90
46.50
1.70
40.30
37.80
11.40
11.40
7.80
40.40
4.50
0.30
0.80
23.20
6.30
5.40
28.50
19.60
0.60
4.30
19.50
0.10
26.40
0.90
30.10
49.10
16.40
6.40
28.20
21.80
27.50
8.00
35.50
44.30
35.20
40.90
14.60
43.20
34.60
15.50
9.00
28.90
24.70
42.70
47.70
3.70
36.90
28.60
25.00
24.60
10.70
48.50
17.30
18.80
23.40
16.00
26.40
43.30
12.20
9.30
37.30
49.10
29.20
7.60
3.00
23.30
48.50
32.50
16.70
33.50
25.00
22.00
11.30
31.60
17.30
44.70
19.50
16.40
23.40
8.70
17.80
3.90
25.70
15.10
17.60
37.90
21.10
5.60
37.10
26.10
0.40
3.20
11.60
1.30
23.60
37.00
28.40
21.80
1.90
31.20
32.30
14.10
10.90
30.60
43.20
13.60
3.40
9.60
25.70
8.40
4.50
32.10
26.80
21.10
1.10
38.30
9.80
32.10
19.90
42.50
16.80
31.10
33.70
40.40
23.10
21.50
45.50
49.10
21.80
47.00
42.50
40.30
37.70
3.70
28.70
0.30
41.40
31.70
29.10
41.20
15.00
34.10
32.80
16.00
4.80
14.10
15.60
45.10
12.20
4.60
29.30
39.30
16.40
12.50
9.30
36.20
43.70
2.00
24.40
4.90
43.10
17.10
22.70
49.50
45.10
12.50
14.60
30.70
33.00
42.20
36.90
2.80
4.30
36.10
30.00
20.50
25.30
14.20
42.10
17.90
32.00
41.90
40.90
5.50
31.00
18.90
15.80
31.40
1.50
14.30
23.60
42.30
20.50
39.60
5.30
30.70
37.50
38.60
30.70
23.70
4.80
44.90
32.50
15.70
0.00
31.70
47.70
12.50
28.70
21.00
11.40
48.60
36.40
17.50
41.50
38.80
18.90
36.70
20.80
44.20
20.00
2.30
25.80
34.50
2.40
38.10
38.90
44.10
10.60
1.30
45.10
42.50
9.10
22.00
35.90
6.00
12.00
47.70
43.80
11.40
48.20
42.10
38.90
13.40
1.50
23.00
8.30
20.90
3.90
10.20
21.40
48.70
34.30
8.50
21.50
3.10
43.50
36.50
39.30
4.40
0.80
21.10
48.70
37.40
1.30
49.60
20.50
27.90
6.60
29.70
23.00
2.00
48.40
5.50
4.80
12.10
17.90
36.60
24.00
37.10
39.70
48.50
9.60
45.60
45.20
49.80
39.30
47.20
1.10
42.70
20.10
35.90
27.30
14.60
49.40
9.10
4.70
0.10
47.80
7.20
30.80
8.10
21.90
36.20
36.20
39.70
30.50
47.20
11.30
28.70
27.00
6.00
21.30
14.80
41.70
20.60
2.30
0.60
29.80
37.40
2.60
24.20
39.80
25.60
34.00
2.50
0.40
16.70
28.10
3.90
27.60
41.40
41.40
38.60
22.40
21.30
16.40
14.30
6.40
26.60
21.40
31.20
5.50
15.80
49.60
36.50
49.70
17.70
27.30
24.80
40.00
19.70
29.90
46.40
41.70
38.90
40.40
47.60
2.70
14.10
45.30
12.10
43.10
44.30
49.80
12.80
37.70
14.80
16.30
17.90
48.10
37.30
30.70
35.50
35.40
40.30
22.70
34.30
33.60
32.90
8.10
46.60
15.90
5.80
21.90
29.50
31.80
4.80
37.70
32.60
37.80
3.50
5.00
6.10
30.10
17.20
9.00
12.90
40.50
12.80
28.20
31.10
40.50
20.20
10.80
49.80
9.90
34.90
6.50
18.90
16.10
31.80
20.70
42.30
20.00
49.10
32.20
48.40
16.00
1.80
5.50
21.10
27.40
30.90
3.10
9.40
44.70
17.20
29.10
16.50
22.00
41.20
5.20
39.40
40.90
3.60
48.20
47.50
29.30
49.90
35.70
34.40
28.30
2.80
19.70
37.40
44.30
15.70
33.20
47.60
17.60
30.80
40.20
29.90
35.40
30.80
7.70
49.20
33.00
22.50
29.60
4.30
29.20
19.70
49.60
41.90
42.10
44.80
26.80
13.50
17.40
48.60
23.10
35.90
33.90
24.10
7.30
31.60
14.20
16.80
41.80
26.60
27.50
20.90
18.80
47.20
17.50
23.80
40.20
12.20
27.80
45.90
24.90
38.20
20.80
9.10
36.10
35.30
0.30
47.00
8.60
22.80
39.00
2.80
29.60
4.20
13.20
38.40
37.70
38.00
31.20
46.00
38.60
48.10
40.00
0.90
9.10
22.20
31.00
15.10
7.80
41.90
10.90
25.50
47.80
14.80
32.60
7.00
4.80
25.10
40.80
46.50
6.60
41.40
47.30
46.40
18.50
14.60
15.20
46.60
0.00
12.80
40.80
13.90
1.60
43.20
1.80
1.40
24.20
12.30
30.30
25.80
37.00
1.30
16.20
13.90
17.00
49.50
28.40
38.20
32.80
47.90
20.10
18.00
35.80
5.40
29.10
29.10
16.50
29.70
21.40
44.10
43.40
35.60
31.70
33.70
37.70
2.60
9.00
8.10
13.70
10.20
10.20
15.00
27.60
48.10
37.10
42.80
2.80
26.70
41.00
47.10
13.50
24.60
23.60
2.90
28.60
28.60
32.30
47.30
46.90
44.90
34.90
23.00
29.60
14.00
9.90
49.00
23.20
29.60
49.50
21.30
37.90
41.60
25.80
26.10
23.60
49.20
4.50
24.10
31.30
1.90
35.70
46.90
0.30
48.90
43.70
2.80
32.20
16.50
43.80
44.40
29.40
15.50
24.50
49.00
19.30
39.90
36.40
13.40
13.60
44.90
33.60
15.40
33.70
20.80
8.50
46.80
18.40
8.20
14.30
22.90
32.00
23.50
31.90
10.40
40.90
35.50
3.40
22.40
37.10
34.50
1.80
30.80
44.50
25.00
10.80
27.60
8.70
6.90
27.30
2.60
45.40
13.00
33.20
42.10
19.50
11.00
44.40
31.50
41.40
31.00
8.00
22.60
48.90
11.70
44.00
37.60
41.30
45.30
24.30
3.40
11.90
39.70
48.00
30.20
49.90
7.80
30.00
25.40
40.20
7.20
4.20
34.20
32.80
47.40
20.00
38.50
18.00
47.70
10.00
3.10
10.90
31.50
46.60
26.30
19.30
14.40
47.90
4.70
24.40
0.70
22.30
9.90
18.10
33.00
2.20
49.40
4.60
29.80
33.60
49.30
13.20
43.30
1.70
40.50
9.50
2.10
29.30
19.70
27.50
42.00
18.70
9.00
36.20
25.60
9.80
8.10
3.60
46.90
16.10
45.70
11.30
23.20
8.10
28.10
24.90
14.50
44.60
21.40
16.40
48.60
38.20
25.40
35.40
28.80
24.40
19.80
29.30
3.30
25.80
12.10
16.20
36.40
5.40
19.40
16.70
47.70
43.60
19.10
21.00
38.80
37.70
20.90
26.80
12.50
25.30
49.10
30.50
17.20
30.70
21.00
27.40
13.30
42.30
6.30
8.90
30.10
45.40
1.00
19.70
12.80
24.70
30.00
15.00
39.90
2.40
44.70
42.90
31.80
16.80
5.70
39.90
16.70
49.70
40.60
15.00
46.90
47.90
1.50
30.90
35.30
47.10
24.10
31.80
37.60
39.20
26.50
35.80
2.90
1.80
29.40
32.50
10.10
24.00
24.00
7.40
37.40
11.20
34.70
6.00
23.00
39.50
47.90
30.50
25.10
2.40
33.40
29.20
36.70
16.40
30.10
47.00
36.70
5.60
11.90
6.90
10.80
47.40
5.60
30.30
32.50
49.20
5.80
35.30
37.00
37.20
47.50
41.80
28.20
14.30
15.30
2.20
46.30
16.70
43.80
16.40
4.60
36.80
9.00
25.80
15.10
43.50
37.10
3.40
26.00
2.30
7.50
19.80
18.90
44.10
14.40
30.30
17.20
44.80
48.70
30.30
3.20
14.70
45.50
14.70
45.50
8.30
31.40
0.50
36.90
40.40
21.10
19.00
19.00
12.60
27.60
49.80
46.00
28.30
22.70
26.30
31.10
25.20
6.20
8.80
24.40
5.00
10.90
38.10
46.30
43.20
38.20
14.80
25.90
39.70
45.20
26.50
10.90
37.70
31.40
9.60
49.80
24.70
7.50
7.90
38.40
16.50
29.30
46.50
37.10
27.40
35.30
48.50
17.70
32.50
42.90
30.40
37.30
23.50
25.70
28.70
15.90
10.70
36.60
25.00
28.00
27.90
39.30
39.30
6.90
37.80
37.80
29.40
28.50
20.50
8.60
27.00
31.00
28.80
31.40
7.80
20.10
30.60
10.20
16.60
26.90
27.00
7.50
36.80
15.30
13.50
25.30
13.10
1.50
9.20
4.80
32.40
11.00
29.90
46.70
42.30
11.80
7.80
33.40
19.80
27.70
48.30
48.30
40.60
48.40
22.10
29.80
20.30
33.70
21.30
8.40
8.90
20.90
19.50
40.20
15.10
28.80
43.90
42.70
8.30
6.30
6.20
44.50
45.50
32.20
4.40
38.00
28.80
21.40
31.60
37.10
23.70
28.50
48.00
49.60
43.20
35.90
27.50
20.50
39.40
27.70
46.60
42.30
7.20
5.00
29.40
47.90
23.60
0.20
11.80
45.80
6.70
3.60
5.20
47.20
5.20
14.10
19.00
44.80
13.40
33.80
0.30
29.60
8.10
0.90
39.70
23.40
14.90
22.10
4.60
34.70
9.10
13.30
40.00
13.60
47.60
25.80
6.30
3.40
48.10
26.60
15.30
18.10
34.50
10.20
3.20
31.30
12.50
5.00
12.60
28.40
29.50
38.60
39.30
21.20
0.40
34.00
27.60
39.70
25.90
39.10
44.00
21.70
47.00
37.60
42.40
30.30
16.10
26.60
12.70
8.10
7.90
9.30
11.60
32.50
26.90
3.80
47.20
11.70
31.70
42.00
13.90
39.90
30.70
42.30
23.60
29.20
5.70
34.70
24.00
2.50
16.30
3.50
16.40
7.40
9.00
27.50
42.70
39.40
47.40
5.50
22.40
32.80
31.00
14.10
18.70
26.50
44.50
18.10
13.90
44.90
0.30
23.50
15.10
21.90
11.20
31.30
0.90
24.30
39.70
16.90
21.60
2.50
41.40
48.00
8.90
40.60
12.80
7.00
15.10
42.90
29.50
4.20
31.10
18.60
44.40
15.20
35.20
36.40
11.20
23.30
10.70
11.30
10.50
10.50
44.40
1.10
5.70
47.50
39.50
47.40
25.90
30.70
29.80
22.80
24.00
8.80
35.40
32.10
17.10
12.20
10.70
19.50
48.10
20.00
20.00
45.00
9.40
5.20
28.30
35.60
26.50
10.00
21.30
9.10
31.40
41.90
33.60
19.40
5.40
27.20
23.50
46.00
2.50
35.80
1.20
39.70
9.20
7.50
28.70
42.20
30.90
10.20
11.60
5.60
26.50
7.40
40.90
43.40
31.30
8.00
42.30
42.30
30.80
48.80
3.20
1.00
26.90
27.40
23.30
37.90
31.80
38.30
8.70
23.30
19.90
23.40
33.60
43.50
10.80
40.70
32.30
46.30
0.10
33.50
49.40
0.60
20.10
49.70
11.50
43.60
48.90
14.50
43.90
36.00
23.70
1.90
25.90
33.70
34.00
23.10
41.00
38.70
11.80
25.50
2.80
14.10
40.60
36.40
9.10
33.10
22.10
25.80
25.80
44.20
0.80
15.50
28.00
5.30
47.00
48.00
16.40
16.40
15.20
7.80
1.90
42.00
18.50
2.70
24.90
15.00
17.30
41.50
39.60
16.70
46.90
7.60
46.60
46.30
27.10
6.20
5.30
46.50
27.50
10.70
41.00
33.40
2.80
16.00
49.70
45.50
49.60
28.60
2.20
38.10
36.30
45.50
38.60
30.40
43.20
22.40
22.10
28.10
25.70
9.90
29.80
46.80
29.50
29.80
39.20
7.20
41.20
9.20
4.50
39.00
6.30
30.50
35.80
27.30
17.10
38.00
36.80
25.50
15.80
33.60
4.80
9.40
22.70
17.00
15.80
37.90
13.30
10.00
23.00
46.70
41.40
1.90
41.40
33.80
48.40
2.90
7.30
10.50
36.30
35.60
0.20
48.20
41.90
33.70
2.50
9.80
27.60
46.50
25.10
22.60
15.80
10.20
41.10
23.60
23.60
33.00
47.50
0.50
4.10
1.10
18.60
37.60
18.20
1.00
16.40
26.00
29.40
20.90
5.30
5.00
20.00
25.70
24.70
28.40
7.10
3.60
25.80
5.10
41.90
21.70
11.30
10.60
21.90
21.00
2.20
21.30
24.20
9.50
20.10
28.70
22.40
25.00
15.30
8.70
7.40
11.90
49.70
17.70
46.40
16.20
28.40
25.60
1.00
35.10
26.90
48.40
31.00
33.70
28.10
27.00
43.10
7.10
7.20
2.80
40.70
30.00
17.60
14.30
29.90
7.40
11.60
45.20
38.20
44.20
4.10
2.40
13.10
37.00
32.70
30.60
47.60
6.30
7.30
28.20
37.60
23.90
20.00
6.00
40.60
6.30
9.00
14.00
16.00
20.20
15.90
40.00
38.10
24.10
46.30
49.40
37.40
18.00
13.70
37.30
3.50
7.20
31.70
31.00
31.10
19.50
18.60
2.10
4.70
7.90
43.00
22.90
5.80
22.00
36.80
27.70
26.00
42.70
19.90
8.30
38.30
42.10
9.60
31.90
17.10
14.50
23.60
27.80
25.60
43.80
20.20
1.50
39.70
3.80
2.40
27.80
28.00
9.70
9.60
26.20
35.60
0.90
23.70
48.10
39.90
41.10
28.00
7.90
17.80
17.80
24.50
28.00
1.50
16.80
0.10
0.50
48.60
48.30
14.70
12.30
23.80
38.70
23.60
20.20
16.50
31.90
48.30
34.70
38.30
36.80
24.60
49.50
11.70
44.90
20.20
17.10
7.00
48.20
10.30
23.50
38.70
45.00
22.00
23.70
3.70
27.30
40.20
10.40
30.90
12.20
41.40
17.40
49.40
38.10
26.80
33.50
1.70
21.80
18.10
4.40
27.10
1.80
5.90
22.90
15.10
22.20
27.60
33.50
21.90
27.70
4.50
24.50
49.10
14.60
30.00
10.20
19.80
36.60
3.70
39.20
10.40
38.40
44.40
3.30
48.80
15.30
20.40
49.40
37.50
40.00
9.70
44.00
11.80
39.70
6.20
23.60
33.20
16.90
4.40
30.20
1.30
5.90
13.80
38.50
0.00
25.60
46.60
44.50
6.30
42.20
2.00
36.10
8.40
17.70
33.50
38.10
48.10
29.10
4.20
4.20
32.70
21.20
36.50
20.00
36.00
15.50
17.80
29.20
36.10
7.60
48.40
29.30
20.90
46.10
45.60
18.20
2.40
7.10
16.90
40.10
26.00
34.80
34.80
39.70
45.70
27.20
22.50
0.80
13.70
21.20
44.50
37.60
41.80
19.70
32.10
26.80
2.70
14.10
30.30
39.30
25.70
32.40
12.80
31.40
12.40
18.60
40.20
30.30
3.20
43.00
8.00
42.80
25.50
12.90
9.80
49.40
26.80
4.00
20.70
5.00
42.80
23.40
1.60
17.50
21.60
49.30
29.30
5.60
18.10
8.90
20.40
7.40
39.90
10.50
35.40
27.10
48.20
4.40
23.70
27.40
11.70
47.60
37.00
41.90
19.20
15.50
5.20
36.70
15.20
15.20
16.20
7.30
40.70
35.30
2.20
33.90
14.90
20.50
39.40
14.30
21.10
11.00
12.10
9.80
30.60
0.60
36.10
37.70
8.70
9.90
29.90
42.80
4.70
14.30
14.30
12.10
11.40
46.10
44.70
9.60
11.80
19.40
19.50
9.30
3.60
3.10
18.80
29.90
1.60
48.20
8.10
49.90
17.00
23.30
10.80
6.30
16.30
5.50
7.70
48.30
37.30
39.40
40.80
39.00
44.10
42.50
4.10
36.40
26.20
39.40
45.10
36.40
4.60
21.00
20.30
16.30
19.70
34.90
8.10
23.50
30.00
23.20
28.60
21.60
49.30
31.80
27.90
25.10
45.60
40.20
27.20
19.30
43.70
0.80
34.00
38.90
41.60
36.30
10.90
10.30
19.90
22.40
23.80
17.00
38.10
0.30
8.90
0.00
15.20
4.10
34.80
38.60
17.90
22.00
0.90
8.90
17.20
41.80
21.20
33.20
45.40
22.80
27.10
6.20
39.00
43.90
3.10
47.00
18.90
30.60
27.70
49.80
2.10
45.90
28.90
49.60
29.30
33.60
27.20
38.90
17.50
24.20
18.80
40.20
12.20
15.40
46.50
6.20
46.50
36.20
22.00
49.80
11.90
17.00
33.20
41.40
4.00
23.60
46.90
36.50
47.30
23.30
38.00
36.60
38.50
13.60
15.60
14.10
39.00
5.80
5.80
45.50
42.80
48.40
47.70
14.40
5.90
21.10
28.80
5.10
31.90
3.80
18.10
46.10
38.00
20.80
46.70
44.80
45.80
34.80
28.50
31.90
18.80
28.10
37.30
15.30
43.90
14.90
46.70
2.80
44.30
9.30
38.70
37.90
8.20
28.90
32.30
28.20
14.60
3.20
46.40
9.40
28.40
19.90
8.90
6.00
36.20
33.50
49.60
49.80
21.70
20.00
48.80
30.00
14.10
40.20
0.00
9.10
19.40
10.20
40.30
46.50
25.40
23.80
28.20
23.60
42.20
14.60
47.50
37.90
36.60
25.10
35.20
46.90
29.20
16.00
44.30
8.20
22.50
16.50
42.60
23.80
9.70
45.70
49.00
37.30
21.30
39.00
27.30
48.90
26.30
4.50
29.90
13.10
9.60
31.90
48.30
49.10
20.80
10.60
37.70
9.10
6.90
7.30
42.70
39.00
7.60
17.60
19.70
21.40
19.80
46.40
40.50
10.80
33.10
9.70
21.50
37.30
8.10
20.00
12.30
42.70
35.70
17.40
17.60
28.00
2.00
24.60
21.30
25.80
17.00
49.60
29.80
45.00
9.10
48.30
39.50
38.40
26.90
43.80
35.20
19.30
7.30
42.90
29.80
6.90
23.60
21.20
35.60
34.40
13.80
16.20
33.00
43.10
31.70
17.90
23.60
34.00
20.00
10.00
8.30
37.80
4.00
25.50
31.30
43.60
43.60
25.50
20.80
41.00
3.20
3.20
22.80
5.20
7.50
11.50
0.90
22.30
44.00
46.50
41.60
29.60
5.80
11.20
28.50
29.80
35.00
7.30
35.00
6.80
21.80
19.70
33.40
31.10
33.30
46.90
36.00
2.70
49.60
1.20
31.10
0.60
12.10
36.70
20.30
48.30
39.70
6.90
32.70
38.70
37.30
1.30
1.30
1.80
20.20
0.20
14.90
2.80
3.80
8.60
3.70
25.40
12.60
18.80
29.10
35.60
18.40
45.90
11.00
49.20
25.20
43.70
12.00
17.60
15.10
43.50
43.50
19.80
6.60
17.70
48.20
41.60
3.60
48.40
5.20
24.10
49.70
9.90
14.20
37.30
20.20
36.50
14.20
31.50
11.30
5.30
21.50
35.60
30.10
37.70
44.50
48.20
22.60
29.70
45.40
49.60
39.90
5.70
31.10
20.20
38.80
24.20
18.70
41.00
24.20
10.40
23.60
23.60
45.60
34.80
37.30
30.10
38.90
45.30
2.90
43.80
26.30
0.70
34.70
47.40
16.40
22.70
11.80
4.20
46.10
40.00
9.70
44.10
45.20
45.20
43.50
48.10
5.50
45.30
30.20
7.20
43.10
12.50
34.90
38.20
44.70
13.80
21.30
22.00
13.00
42.60
40.20
33.30
48.20
48.20
34.00
8.40
40.60
10.30
3.80
36.40
12.10
47.90
2.90
22.30
7.10
36.20
10.30
30.70
1.20
34.60
1.20
0.60
15.20
25.20
42.00
43.90
9.00
13.30
12.20
44.50
27.80
31.90
30.80
41.90
42.20
47.90
1.60
25.70
20.80
14.10
22.80
16.50
0.10
11.80
2.30
8.80
42.90
32.60
1.20
6.90
14.30
31.60
11.20
13.40
38.90
15.70
26.90
19.70
24.80
15.80
6.80
3.40
42.50
38.30
33.20
5.80
49.80
9.90
38.90
28.00
6.70
26.50
11.90
15.10
29.80
43.90
49.60
49.60
48.90
22.80
19.10
26.30
22.70
4.80
27.80
5.30
1.30
23.90
30.90
45.90
9.20
33.90
25.20
43.60
36.20
21.40
45.00
35.20
45.20
48.00
31.10
32.10
10.70
3.60
47.90
23.80
46.80
4.30
27.40
13.50
49.50
12.30
14.90
26.10
5.90
17.10
45.40
32.00
27.40
11.90
14.40
47.10
30.60
18.40
26.90
21.70
22.90
23.20
21.40
32.20
40.00
27.30
44.60
41.50
44.20
44.70
35.80
10.20
1.60
19.20
4.10
35.60
15.70
16.20
24.90
39.30
23.10
39.50
31.80
18.00
17.60
47.70
44.10
20.00
4.00
28.80
11.60
23.30
6.50
33.30
34.10
34.10
21.10
48.30
20.40
4.60
21.30
13.30
23.60
30.40
9.20
3.20
49.40
19.00
17.60
15.00
17.50
25.40
6.70
35.90
8.90
26.10
33.20
24.20
11.80
34.30
33.60
39.10
39.70
11.50
8.10
31.30
16.40
38.40
10.20
34.30
41.60
41.60
46.90
19.40
32.90
43.20
11.90
17.50
39.20
38.30
4.40
37.50
39.40
19.40
7.40
1.20
35.40
6.20
2.10
23.60
32.20
38.40
22.20
11.30
31.30
32.00
36.10
25.80
48.00
19.90
48.30
40.60
25.30
20.70
35.60
48.80
27.20
24.40
15.20
43.30
21.20
6.80
24.80
41.70
9.80
49.10
7.20
2.70
43.00
45.70
43.30
30.70
12.20
37.80
32.10
16.10
10.30
31.80
46.10
14.10
49.30
45.60
11.20
44.80
33.10
37.70
37.70
42.50
42.30
48.90
7.60
2.70
39.60
45.90
22.70
8.80
25.00
37.10
33.70
49.10
43.70
16.50
6.90
27.00
10.70
9.30
17.60
6.70
36.70
28.70
28.40
41.40
49.40
34.60
46.30
47.70
4.70
35.80
21.50
31.40
3.80
4.60
2.40
2.30
12.20
34.50
9.70
21.20
39.30
8.20
31.30
40.60
9.10
19.50
43.40
3.00
34.80
44.30
21.60
18.90
32.20
46.50
28.90
34.00
12.50
35.20
18.20
33.60
17.50
4.20
39.60
15.20
29.20
39.90
14.30
48.80
20.40
25.00
10.20
48.70
5.70
2.60
0.10
24.40
5.80
28.80
11.00
29.60
29.60
31.30
16.40
33.10
36.60
27.80
7.90
44.90
44.90
34.30
25.90
2.90
38.40
28.70
48.00
3.10
5.70
20.50
49.90
40.10
18.50
20.60
22.70
9.60
9.60
35.00
33.90
33.90
0.10
47.50
36.90
27.90
33.90
1.70
10.70
16.60
5.70
29.40
31.30
2.70
3.70
0.50
40.00
20.90
41.80
45.50
12.30
24.90
1.60
32.80
30.50
35.40
39.00
17.40
10.80
4.70
4.40
30.20
4.00
42.10
17.60
36.50
5.30
5.30
32.40
10.10
25.90
47.80
25.90
3.70
39.00
10.30
26.60
11.20
25.40
42.40
21.10
45.00
5.00
6.60
47.80
0.90
36.60
46.40
28.50
47.20
47.20
20.30
39.50
28.90
32.50
6.70
11.00
6.00
43.80
4.50
44.70
22.60
23.80
9.00
17.80
1.90
17.90
18.20
18.80
18.80
2.80
30.30
39.80
32.10
33.90
33.10
22.10
2.60
1.50
0.80
11.60
46.80
25.30
1.30
14.00
43.50
10.00
3.40
3.40
2.40
10.70
10.70
14.20
28.90
44.90
10.60
10.70
31.10
43.10
39.30
13.10
40.30
7.90
17.00
20.90
24.20
27.00
28.70
4.80
23.50
40.50
6.40
3.30
32.50
19.70
18.80
49.80
27.50
4.90
3.60
19.80
18.70
27.10
11.20
41.00
19.70
33.10
37.20
47.50
38.80
32.90
20.70
1.70
29.10
14.40
19.70
36.70
25.40
19.80
28.50
15.70
26.90
48.20
39.20
19.20
39.50
1.90
10.10
24.30
13.50
49.40
22.50
6.70
5.80
8.30
24.20
22.70
23.30
20.50
39.80
9.90
6.70
22.70
20.10
49.90
34.80
46.20
39.10
36.60
49.60
0.50
30.30
44.20
21.00
35.00
4.10
35.20
28.20
3.30
39.60
30.20
27.20
9.10
6.00
18.90
37.60
4.50
45.50
45.20
30.10
25.80
25.80
39.90
1.90
5.60
2.40
24.20
37.60
32.90
32.00
11.70
1.90
35.70
30.90
36.40
23.50
13.00
38.90
33.30
39.20
18.10
2.70
6.00
10.60
17.30
47.40
27.10
33.40
45.80
29.50
25.50
32.50
30.00
42.50
30.30
2.70
28.60
40.30
40.30
8.40
19.50
20.90
35.00
47.10
23.10
35.00
27.40
13.90
22.50
32.20
31.90
46.50
13.80
12.40
0.20
34.50
41.40
12.40
6.30
2.60
8.80
29.30
16.60
9.10
5.10
48.30
46.30
3.20
34.50
32.00
11.80
25.80
34.70
47.50
49.10
49.50
44.30
49.10
5.50
20.40
14.10
41.00
28.10
0.40
41.10
30.00
40.20
10.00
19.20
39.30
24.80
49.20
5.90
12.20
34.20
32.40
35.60
6.80
27.70
5.60
19.50
0.10
47.30
44.20
15.60
49.00
35.90
39.50
5.00
42.50
46.30
30.50
48.10
0.70
3.70
39.30
27.90
40.60
35.10
44.90
27.30
24.50
15.90
20.40
8.40
10.60
33.40
32.00
27.80
0.70
45.60
12.80
8.10
38.70
13.70
34.30
7.00
14.80
26.40
35.10
12.10
31.10
10.50
39.20
47.10
49.20
26.40
12.70
44.80
40.50
45.60
18.10
18.20
15.40
33.90
26.10
32.70
6.00
9.10
10.70
26.30
7.00
32.60
41.50
34.50
46.80
47.80
37.80
48.60
35.70
29.50
10.10
40.00
18.40
17.20
27.40
15.90
45.70
9.40
17.70
29.40
40.10
27.30
39.40
25.50
11.30
44.30
18.90
47.70
26.40
13.60
47.90
22.30
29.50
12.20
49.40
37.90
22.50
24.70
2.20
13.40
46.80
19.70
10.50
2.70
31.90
27.00
1.40
25.50
46.30
46.30
0.90
13.30
42.20
44.10
26.60
1.40
12.70
5.50
39.80
24.60
49.10
28.80
0.90
19.80
5.80
44.40
23.00
19.80
23.10
9.90
9.90
23.80
29.00
4.80
5.90
30.90
14.70
48.20
34.00
38.50
26.40
2.20
12.30
34.10
36.10
9.90
12.40
43.30
28.30
17.30
37.00
0.50
39.20
39.00
6.80
3.60
12.90
1.10
21.30
31.70
45.20
17.90
2.30
8.30
10.50
5.50
38.20
44.40
11.70
33.50
24.70
11.40
14.70
48.40
42.60
0.80
28.80
33.70
37.80
34.20
16.80
41.20
11.80
29.40
46.30
41.00
9.60
38.60
48.60
6.50
26.80
42.70
34.70
24.00
29.40
19.00
2.60
20.40
21.40
24.20
22.60
45.10
33.80
35.50
0.70
33.80
1.10
4.00
33.10
2.10
35.80
16.20
41.70
20.70
36.30
25.40
38.90
23.00
7.30
9.20
35.20
9.70
44.90
43.90
19.20
17.10
28.00
41.00
12.20
49.60
5.10
38.00
23.30
44.70
49.40
6.00
24.10
16.70
17.20
20.00
20.00
11.20
21.70
45.70
44.70
49.40
2.70
27.80
5.90
21.60
37.50
19.70
1.30
44.40
23.20
5.20
35.60
30.30
4.40
15.50
6.90
48.10
4.00
31.30
43.90
30.30
32.60
32.40
36.40
10.40
2.10
4.00
37.40
28.40
37.00
36.00
30.20
6.70
28.20
46.50
38.40
13.30
3.50
4.30
33.10
33.10
35.20
19.10
16.60
37.50
37.20
22.50
17.00
37.50
5.10
42.20
17.80
22.60
47.20
15.50
21.80
34.20
4.20
8.90
44.50
33.20
34.50
45.50
5.50
18.10
0.60
8.30
18.10
30.40
40.70
14.20
48.80
49.70
29.90
33.20
7.60
26.20
8.70
12.60
4.60
17.40
27.00
22.20
43.30
37.50
38.00
27.70
35.40
14.20
15.40
47.00
28.60
24.90
11.50
17.00
36.80
23.30
17.80
49.80
8.10
20.20
30.20
20.30
0.80
37.00
14.40
6.60
10.10
10.10
42.10
47.00
48.80
33.00
33.50
26.40
9.00
14.40
6.10
13.20
23.20
8.40
8.40
34.20
49.40
32.70
40.50
6.30
29.70
29.00
41.20
41.20
24.60
6.10
14.10
4.00
38.30
5.60
25.90
22.00
27.60
46.30
44.20
38.00
46.60
29.00
18.60
49.70
29.40
29.40
42.40
5.90
6.00
17.90
23.20
4.80
4.60
17.70
18.60
6.60
21.70
33.10
33.10
19.00
19.00
41.80
42.50
12.80
5.70
8.40
35.00
9.40
46.20
46.00
15.70
38.80
16.30
33.00
16.20
26.10
38.00
22.30
36.00
35.10
36.60
23.30
11.80
9.00
2.00
17.50
5.60
49.10
3.30
26.10
21.90
30.50
25.60
29.70
42.70
10.60
28.00
34.30
11.30
20.80
41.10
5.70
5.70
31.90
32.50
7.10
33.50
20.30
44.10
4.90
43.60
17.90
17.20
43.80
41.10
44.80
12.60
27.30
1.40
38.30
38.40
4.40
32.60
9.50
38.80
41.20
9.20
21.40
36.10
27.10
39.90
25.40
41.60
18.20
28.00
17.10
10.00
0.90
9.40
5.10
15.00
30.90
30.80
6.80
37.80
23.60
23.10
31.50
15.40
33.60
33.60
24.60
3.60
3.20
49.80
21.10
35.90
18.30
10.70
0.50
12.70
26.90
30.20
13.90
45.90
23.70
21.70
28.90
8.50
6.60
36.70
42.80
28.90
0.80
0.80
38.30
33.60
16.70
22.90
18.60
29.00
45.10
35.90
6.20
15.60
40.00
32.30
48.40
32.40
9.70
14.20
45.50
30.40
9.40
43.70
19.00
21.20
28.90
12.50
18.50
23.10
15.60
6.80
27.80
13.30
12.10
24.00
11.10
0.00
31.60
45.60
38.70
14.80
49.70
18.00
13.20
5.00
39.00
29.70
29.20
3.50
27.70
27.70
29.90
30.20
47.90
47.90
23.90
3.10
14.70
3.90
17.10
22.20
35.00
46.00
23.70
27.10
45.00
1.90
11.10
1.00
48.40
10.00
7.40
2.90
31.10
18.50
27.00
14.10
49.70
8.00
19.60
22.50
22.00
29.20
9.40
21.50
44.80
29.70
43.40
40.00
42.00
12.00
17.40
18.60
49.70
3.40
22.20
23.10
8.80
35.60
38.40
2.60
43.60
46.70
11.30
4.50
19.90
24.90
16.10
13.80
19.80
47.50
31.80
45.80
44.90
49.70
26.50
31.00
3.10
38.40
12.00
49.50
0.70
27.70
24.60
48.60
31.10
9.30
38.50
28.20
2.40
12.60
3.70
24.40
41.70
45.10
37.50
38.50
12.90
5.60
14.90
21.70
9.30
26.50
8.00
28.90
32.70
28.70
36.60
19.30
3.40
25.40
15.20
38.80
17.30
41.20
14.10
45.60
31.20
29.40
26.90
21.00
8.00
45.10
21.80
45.90
2.60
7.30
15.70
15.40
4.70
11.50
22.00
16.70
29.00
41.70
36.30
29.80
31.90
38.60
0.40
41.30
49.60
36.50
15.00
44.20
8.70
19.00
22.20
14.40
38.50
9.80
47.40
15.70
37.90
40.40
7.90
12.20
1.00
31.30
12.70
27.10
20.50
46.20
46.20
38.30
27.60
15.90
18.00
36.50
11.40
23.60
14.60
28.90
41.80
16.30
19.00
0.80
18.50
25.30
36.80
36.80
3.10
11.10
44.10
33.30
35.00
19.90
5.90
35.80
30.90
10.80
23.10
40.10
17.60
27.20
26.10
26.40
29.20
8.50
32.40
16.90
49.40
45.30
10.60
44.10
46.10
19.90
10.40
12.50
26.70
42.20
20.90
15.20
0.00
28.40
21.00
23.20
32.90
15.60
7.40
15.30
29.90
35.70
38.00
23.60
4.70
24.80
45.10
15.30
31.50
36.90
19.80
38.40
45.00
9.90
42.90
34.50
13.80
10.10
48.00
27.40
8.40
27.00
16.40
18.00
11.60
39.30
32.10
38.10
49.60
9.10
29.40
12.20
46.80
32.70
14.50
45.30
10.70
25.60
7.40
37.50
3.40
37.70
42.40
46.40
3.40
21.20
17.80
17.90
25.20
49.00
14.90
15.10
27.10
35.30
47.00
28.90
48.00
45.10
30.50
19.60
11.80
13.80
20.40
29.10
37.30
0.80
10.50
21.20
16.90
40.20
30.80
20.90
6.20
48.00
48.80
35.60
34.50
17.80
14.60
48.90
35.60
43.00
34.60
22.70
17.00
14.80
30.70
49.60
49.80
23.60
15.10
24.20
42.20
48.40
2.80
39.00
35.60
11.30
12.20
0.90
13.30
33.70
10.10
39.40
44.00
24.20
11.70
2.40
33.50
35.20
13.50
22.60
33.10
13.70
48.50
29.60
29.50
46.20
27.70
14.10
26.50
43.70
20.10
34.00
7.60
26.30
10.00
35.40
38.10
12.80
29.10
40.90
16.70
11.30
20.40
0.30
17.90
25.40
21.90
48.90
48.90
20.70
1.80
36.00
20.40
22.80
23.90
26.50
45.70
10.40
31.10
45.50
38.60
26.20
26.20
16.50
10.90
27.40
44.80
18.00
13.00
44.40
39.90
46.60
31.10
30.00
46.10
1.40
9.70
2.20
49.50
26.60
35.70
30.10
3.10
36.50
31.20
45.70
9.50
28.30
49.50
42.30
46.20
33.50
48.80
39.90
20.50
42.30
2.20
9.90
17.20
0.70
26.10
38.10
4.00
25.80
14.50
37.60
48.80
6.70
35.80
19.50
31.60
26.90
6.20
10.60
10.50
16.80
33.10
11.80
28.70
9.50
24.50
12.70
10.50
26.40
45.90
21.40
36.50
35.60
37.00
5.70
8.30
16.60
41.50
4.00
13.60
22.40
9.40
16.30
0.10
0.00
42.50
5.40
16.80
13.90
41.00
33.50
19.40
25.20
42.00
13.50
45.00
12.30
27.20
33.70
12.50
2.30
13.40
1.10
25.30
42.50
38.00
34.50
39.00
16.60
35.40
36.20
37.60
29.30
44.60
21.00
40.30
0.50
9.40
34.10
33.90
32.40
48.00
14.10
44.10
2.40
17.50
19.00
43.10
20.40
35.90
13.90
20.20
24.70
31.90
44.00
16.70
41.50
13.80
11.20
3.40
24.90
14.70
20.70
39.60
0.90
32.00
22.00
16.80
28.50
18.70
35.80
11.70
6.10
24.50
35.20
25.80
14.30
11.00
11.00
20.70
37.20
6.80
8.50
22.40
36.70
21.40
30.70
5.20
13.90
40.70
44.10
11.00
29.50
48.70
4.00
1.60
18.50
12.80
47.50
35.40
42.80
17.60
27.30
20.40
28.80
45.90
5.10
36.90
20.30
42.70
48.30
16.30
22.90
8.90
26.10
19.80
38.20
43.00
30.90
14.80
26.00
40.00
28.00
25.60
37.10
45.20
15.60
44.10
17.80
11.20
36.60
27.70
1.70
40.60
18.90
5.20
45.60
3.50
7.50
23.00
48.60
8.90
35.60
7.30
9.20
49.60
45.40
47.70
40.40
7.50
30.10
23.30
30.40
49.20
11.30
17.80
31.10
17.90
10.20
35.70
29.50
35.70
12.70
3.30
31.20
18.90
13.60
41.70
17.80
4.20
43.00
25.60
19.10
0.60
28.20
13.50
15.60
4.20
15.00
47.90
5.60
22.70
48.30
40.00
9.80
22.90
23.80
25.80
9.50
9.50
15.50
44.10
18.80
4.90
6.50
3.30
17.20
9.50
19.50
3.30
41.70
28.70
37.40
37.40
18.80
45.70
35.90
40.30
0.50
27.90
5.30
17.30
20.10
32.70
22.10
49.20
27.90
8.40
30.90
26.90
32.60
10.10
36.70
24.60
27.90
26.70
23.60
30.20
3.80
8.60
9.60
21.30
9.80
3.50
48.60
39.50
22.40
38.80
46.00
17.30
48.50
40.20
16.60
31.50
29.40
12.60
46.60
14.30
10.00
30.00
13.20
20.80
18.50
15.80
43.20
36.20
25.90
30.60
15.70
14.50
12.10
32.60
32.50
32.60
11.70
33.20
30.00
23.30
37.70
49.10
21.10
23.20
24.60
36.50
1.30
4.50
15.10
48.80
34.00
41.20
27.50
25.40
49.00
32.60
26.60
15.80
10.20
5.60
4.30
25.80
27.10
18.60
35.50
5.40
30.00
13.80
45.60
32.50
8.40
3.90
38.10
48.90
2.50
9.30
15.00
24.70
39.00
10.80
6.20
37.20
8.80
34.50
0.70
36.00
20.00
35.20
43.20
25.40
13.50
33.20
2.00
4.90
6.80
35.70
35.20
10.80
42.00
36.80
1.00
42.80
15.70
18.30
4.60
12.50
26.80
13.70
34.10
20.40
26.00
29.30
47.60
33.50
31.10
31.10
24.30
4.30
17.90
47.30
11.70
11.60
27.50
13.70
7.10
27.50
39.50
9.40
17.30
47.40
35.70
36.30
47.80
31.90
29.90
5.90
11.60
19.50
8.70
32.50
20.20
6.60
25.20
39.90
28.80
30.50
42.30
48.60
15.50
4.70
21.40
27.60
35.80
25.80
25.20
43.40
15.00
5.10
47.10
0.50
32.50
21.90
31.90
47.20
28.30
19.50
45.50
22.90
42.30
18.30
20.20
41.70
41.90
1.10
2.10
36.50
19.60
28.80
33.00
0.30
12.00
13.00
20.30
48.40
6.30
14.30
2.70
2.70
4.90
35.90
10.70
19.80
10.00
34.50
6.60
13.40
47.70
5.20
5.40
14.60
9.70
20.60
13.00
45.10
2.60
6.20
37.40
29.90
37.00
15.50
21.20
2.80
25.80
33.80
16.30
29.90
3.30
13.30
14.60
34.60
17.70
25.60
3.50
47.30
21.40
45.10
16.50
38.60
0.00
34.60
10.90
22.10
42.10
11.30
7.10
7.10
11.00
0.90
11.00
15.90
0.90
20.10
42.70
6.90
0.00
23.70
46.80
14.00
17.40
37.60
11.70
34.70
25.10
18.70
17.90
13.50
34.50
13.50
21.60
40.80
41.70
45.10
23.40
6.60
37.00
43.90
22.90
24.30
24.70
27.90
8.20
29.10
36.00
4.50
39.40
26.00
16.10
25.10
23.50
47.40
4.30
41.70
2.30
2.30
26.50
2.80
27.30
25.30
21.40
12.70
1.50
11.20
18.60
4.70
6.70
19.70
29.80
21.90
7.90
39.40
19.60
34.10
44.40
28.70
25.70
12.60
30.20
3.40
42.50
26.10
35.90
13.80
5.00
17.90
7.60
37.00
17.40
16.70
21.80
8.00
10.00
2.80
44.00
15.90
44.70
44.00
30.20
48.20
16.90
9.50
41.90
28.30
43.70
32.70
1.60
20.40
5.00
6.70
19.90
34.80
29.10
7.90
1.60
48.20
2.70
32.70
12.90
30.20
7.80
18.50
9.70
33.10
3.90
12.30
12.60
5.30
8.50
21.80
38.80
28.70
32.60
20.20
36.70
32.20
7.60
35.40
39.10
43.40
29.60
49.30
38.00
11.20
11.70
47.70
37.30
2.40
44.10
38.50
23.40
38.50
16.70
17.10
10.10
20.10
35.00
47.10
8.90
1.00
21.70
21.10
34.80
28.70
9.70
32.50
33.50
31.80
2.30
43.30
18.60
36.20
6.20
35.60
40.00
40.10
8.50
28.40
17.50
39.30
8.20
12.40
19.60
44.80
43.30
30.30
22.40
21.20
39.60
18.80
11.50
11.30
48.70
13.20
36.80
25.70
30.60
21.00
35.90
0.50
39.60
4.30
10.90
45.40
12.30
26.70
38.10
26.10
5.00
32.80
18.00
14.40
21.70
40.60
23.30
38.20
1.50
37.30
49.70
49.70
0.10
42.80
0.10
9.00
39.10
37.50
45.30
39.00
11.30
12.70
29.50
3.10
2.90
31.20
33.00
49.50
39.60
43.30
11.90
48.00
32.30
10.40
6.00
26.70
43.00
16.90
32.40
16.80
20.80
0.60
7.80
38.90
31.50
49.20
40.10
4.60
23.50
11.30
29.10
37.50
7.40
2.10
8.70
0.00
47.60
1.30
38.70
4.60
16.00
28.90
28.90
0.00
19.50
29.60
19.20
0.90
17.80
14.60
1.40
25.60
15.10
24.10
41.50
5.90
37.20
11.30
30.40
39.20
16.80
12.00
38.00
38.00
8.20
29.30
46.50
40.30
6.10
30.60
18.30
5.90
38.50
43.80
43.80
4.10
16.80
34.30
38.00
25.10
39.10
46.50
30.70
25.70
34.40
26.60
21.10
0.90
7.50
9.40
5.70
49.30
15.10
24.30
37.30
38.50
24.30
46.70
21.90
13.20
28.80
32.60
23.00
14.80
16.30
34.70
29.20
20.30
17.60
8.80
24.20
1.40
44.30
19.40
43.40
14.30
14.30
9.70
5.10
33.60
3.30
0.60
1.70
5.30
32.90
18.10
27.90
36.40
38.30
17.80
29.10
2.30
35.80
37.60
13.50
33.00
30.30
22.20
31.70
5.50
32.90
28.50
3.00
49.40
21.20
20.80
44.40
28.40
49.40
1.70
31.90
19.20
2.70
38.30
44.00
17.10
46.60
19.10
49.30
38.90
24.70
18.00
35.10
44.80
29.50
31.20
2.20
7.10
44.00
44.90
10.10
37.00
6.80
27.30
34.70
43.20
39.00
5.40
14.30
2.00
8.50
47.20
43.90
41.40
7.60
19.60
42.00
18.60
15.10
31.80
43.10
5.10
23.90
8.40
6.20
9.60
1.10
9.70
24.50
15.80
1.00
37.20
37.00
17.60
38.60
38.20
31.40
10.20
9.50
40.60
13.00
2.30
36.10
23.20
11.70
16.60
13.10
27.40
8.90
39.40
1.90
20.80
35.50
5.60
9.90
17.90
0.80
5.70
0.20
22.30
19.20
14.50
10.90
31.00
6.10
29.20
18.40
11.60
29.80
26.30
20.80
22.80
5.00
47.40
2.60
40.20
38.40
49.20
34.40
28.80
49.20
9.30
32.20
1.30
15.80
10.90
40.10
28.60
33.10
4.50
48.50
42.90
36.60
22.90
29.70
6.60
42.60
13.10
32.60
10.70
32.50
29.30
10.90
31.80
44.40
15.20
33.70
32.90
15.60
0.10
11.90
49.20
6.30
2.90
11.90
26.00
48.40
17.40
39.20
21.20
10.40
24.40
14.20
43.40
38.30
29.70
25.70
49.10
45.00
46.50
34.60
44.40
37.80
40.80
38.30
16.00
1.90
49.20
7.00
3.60
49.40
1.60
3.40
2.30
5.70
12.20
24.90
32.70
31.60
47.40
22.20
26.70
23.90
31.30
2.70
34.40
34.70
40.80
35.80
47.60
28.40
38.80
3.70
8.20
7.50
11.50
31.70
39.70
13.70
17.20
13.90
41.90
34.60
3.50
5.00
41.30
42.80
2.30
2.30
11.20
38.10
49.50
39.10
46.10
38.50
18.40
37.10
41.20
15.70
23.90
10.20
10.50
34.10
33.10
17.70
1.20
37.20
39.20
40.10
3.00
5.20
4.80
25.50
42.10
42.40
8.50
46.10
8.90
6.60
28.50
23.90
23.90
39.00
23.80
34.80
43.40
20.00
22.40
4.00
6.80
21.50
49.80
34.00
5.20
3.70
24.80
6.00
25.00
6.20
31.20
2.90
0.20
34.50
17.50
44.40
8.60
21.80
12.90
21.40
12.30
4.20
28.30
34.90
0.20
1.60
0.80
33.90
16.90
21.70
39.60
34.30
45.90
39.50
42.00
3.80
14.40
0.60
49.00
31.10
30.70
12.60
29.60
13.30
0.20
8.30
29.00
34.70
46.30
0.40
30.10
32.30
28.30
8.00
21.20
38.50
20.50
45.00
24.90
5.00
30.80
21.00
34.90
1.50
11.20
44.30
3.70
25.70
6.80
7.00
40.60
47.20
26.70
41.20
33.70
29.10
11.20
20.20
42.00
12.50
40.70
9.50
42.30
13.60
10.00
16.80
32.90
7.70
17.00
25.30
30.50
37.20
15.80
15.90
10.80
46.60
22.10
8.60
4.90
30.30
40.00
13.20
20.30
24.70
17.60
17.60
34.80
12.90
47.40
24.30
45.10
22.80
49.50
27.00
41.00
15.30
11.00
13.90
31.50
46.80
35.10
16.40
29.60
49.80
49.10
42.30
34.50
7.00
8.40
49.50
43.30
40.10
33.00
20.40
12.30
41.20
23.40
43.90
33.20
28.20
40.70
39.40
1.70
39.40
49.50
33.70
14.40
16.80
48.20
34.30
16.60
31.20
17.10
42.40
33.80
23.90
11.20
45.60
11.20
43.80
27.70
5.30
2.80
31.80
36.60
36.60
16.50
10.70
0.00
34.50
24.20
41.20
32.70
43.10
4.60
14.80
9.60
31.30
1.30
15.40
30.90
27.70
39.10
18.50
29.00
2.30
48.30
4.20
37.00
27.30
33.60
29.30
9.50
45.80
5.80
31.50
18.30
21.40
30.50
39.70
19.90
13.60
32.00
32.40
28.30
49.90
8.30
13.80
20.40
43.20
6.40
47.00
37.00
3.60
41.50
24.00
32.60
28.00
5.40
0.80
35.00
49.80
49.40
47.80
5.80
20.80
30.20
3.40
16.40
32.20
8.40
20.50
6.20
0.90
25.40
25.20
49.20
42.10
47.90
5.30
8.50
36.00
32.80
48.40
36.90
31.30
25.10
28.70
19.40
14.60
8.90
24.20
43.80
47.30
30.80
7.30
23.50
10.10
3.70
3.70
10.40
39.90
22.90
15.00
31.00
15.20
32.00
0.90
22.10
36.70
27.20
21.00
3.30
15.90
4.30
44.30
44.30
3.80
31.20
43.40
20.40
6.10
11.90
10.80
15.00
23.00
31.70
29.50
42.20
37.10
46.20
44.90
4.70
4.70
36.80
8.70
23.30
10.50
43.10
29.50
32.20
38.50
17.40
40.40
37.90
44.60
32.60
43.90
15.30
34.10
39.20
21.00
16.40
30.60
39.60
38.80
47.70
41.40
47.70
44.30
9.40
16.10
30.70
12.80
49.10
17.00
48.20
47.20
42.60
15.70
4.60
11.30
47.60
37.90
34.80
7.80
45.90
35.00
7.30
23.60
49.60
19.40
26.10
31.80
27.30
14.20
24.30
18.80
17.50
13.60
13.70
13.80
29.80
43.00
30.40
43.00
48.00
23.40
34.50
47.60
40.10
41.60
44.80
48.50
5.40
37.20
29.90
16.10
18.20
32.00
48.00
40.30
44.00
43.10
9.50
26.50
13.60
8.10
11.70
11.70
23.50
39.40
46.80
47.70
9.50
9.50
34.80
17.90
42.00
7.00
26.20
11.00
27.40
10.00
26.40
44.90
18.70
7.10
13.50
35.50
24.60
32.70
11.50
28.90
45.90
27.10
16.50
33.10
3.60
46.00
31.20
22.20
38.30
2.90
17.30
34.70
11.30
16.60
2.30
35.40
18.90
35.90
9.00
37.30
16.30
32.00
29.30
49.40
45.40
22.10
22.10
37.40
23.90
43.70
41.90
25.40
3.50
47.50
23.90
34.00
46.00
4.80
20.40
27.30
23.40
6.10
40.00
0.40
5.80
36.10
13.60
21.10
26.30
0.70
0.70
38.80
42.10
25.50
9.60
40.30
19.50
6.20
6.20
35.50
13.00
8.40
27.00
10.90
37.70
46.70
46.00
20.20
46.70
39.90
5.00
11.30
35.50
26.90
10.50
18.30
35.40
38.40
18.70
23.90
31.70
1.80
40.00
28.70
43.60
40.40
41.60
37.50
38.70
36.70
20.00
12.00
3.30
9.00
33.80
23.00
13.40
31.20
48.10
19.90
32.20
21.60
16.20
3.70
19.50
5.50
22.80
10.70
43.60
20.00
16.40
21.00
23.10
4.10
1.00
0.30
20.70
40.90
22.20
41.60
2.60
22.50
7.10
36.80
40.30
37.00
21.20
2.40
36.60
40.60
24.40
46.40
43.80
39.40
39.50
41.40
26.70
33.10
11.70
15.20
0.40
20.50
30.10
29.10
3.40
49.80
49.10
38.90
17.70
8.90
24.20
34.10
15.80
35.10
30.00
11.00
15.30
30.70
45.10
44.00
0.50
1.20
7.50
1.10
22.90
45.40
34.90
33.80
40.90
3.50
35.60
48.00
2.00
33.80
45.30
46.00
36.40
15.10
28.70
32.70
7.30
44.50
13.60
1.50
23.60
28.40
33.90
31.60
49.10
45.90
12.50
15.30
46.20
29.30
28.40
5.90
5.20
27.30
9.90
45.50
28.80
17.80
9.90
48.60
15.50
18.40
14.70
7.00
33.70
1.00
5.50
35.60
12.70
13.10
11.10
11.80
43.40
44.90
22.40
14.40
1.10
37.40
34.20
48.50
1.90
26.40
16.20
4.00
14.70
31.20
10.30
6.20
0.70
24.80
33.60
31.30
8.40
28.40
27.10
6.50
7.00
22.10
30.50
48.90
47.10
17.10
28.40
10.00
5.50
42.00
30.20
1.10
25.60
6.50
1.00
42.90
22.20
33.30
48.00
37.80
8.20
40.10
19.80
41.60
39.00
27.20
3.10
0.60
12.10
40.50
20.20
49.10
19.70
17.90
27.90
38.70
38.60
5.90
24.20
32.50
41.70
46.40
39.90
26.50
49.30
27.10
27.30
13.30
13.40
23.60
6.50
36.30
22.60
34.40
45.00
34.10
7.90
9.90
6.80
17.80
26.30
42.40
26.90
25.60
20.10
30.00
21.60
39.80
16.70
43.20
14.40
21.80
22.90
11.70
28.80
8.40
12.90
47.70
8.00
26.40
8.50
3.30
42.20
17.90
20.90
3.80
17.90
48.60
44.20
18.60
43.00
27.10
15.00
6.60
25.20
48.60
45.00
17.70
49.70
40.60
4.10
37.60
43.00
29.80
15.90
40.20
26.30
17.40
17.40
13.50
31.70
47.40
49.80
24.90
42.00
2.20
39.20
22.10
22.90
27.10
6.40
17.60
0.40
19.10
8.00
41.10
1.00
14.00
6.30
48.90
40.00
32.60
23.70
31.50
35.10
1.60
0.20
0.70
38.30
43.90
34.30
2.80
8.40
46.50
20.00
12.80
15.80
15.20
21.50
2.20
17.20
28.00
3.50
42.50
1.80
38.30
4.00
20.20
27.50
30.00
2.60
10.80
25.70
11.00
27.20
45.20
14.50
6.20
25.10
44.90
28.80
10.50
25.60
20.90
32.30
32.30
17.00
42.90
46.00
23.30
16.70
14.10
44.40
23.90
5.50
10.70
8.20
5.60
47.30
49.00
11.00
8.50
40.70
8.00
37.90
48.90
25.20
48.20
16.20
25.10
24.80
9.40
39.40
32.00
49.20
44.10
42.50
49.10
42.50
34.90
12.60
40.30
17.90
7.60
1.30
46.80
46.20
4.50
14.00
49.70
42.50
48.50
45.30
32.10
3.50
31.30
26.60
4.00
10.50
49.70
22.70
9.10
22.90
26.10
20.60
24.00
29.40
40.40
19.00
6.70
0.60
35.10
10.70
37.50
40.40
30.30
40.00
6.80
16.70
44.90
10.40
36.80
14.50
9.30
24.70
26.80
44.70
13.10
17.80
23.70
30.60
35.20
28.60
6.60
24.70
20.50
25.50
16.30
41.20
36.30
2.70
22.90
48.50
2.80
11.80
41.80
46.30
7.70
28.40
41.70
37.80
23.90
27.60
10.90
30.50
46.00
10.90
10.10
33.40
48.10
22.00
21.50
22.20
42.70
0.50
3.60
20.60
29.60
0.40
18.30
43.70
31.70
48.40
18.20
4.00
5.00
43.90
46.20
31.60
46.30
48.20
10.30
11.50
34.70
17.40
40.50
36.90
41.10
2.40
21.70
22.00
36.90
47.60
47.60
9.90
18.00
24.70
13.60
49.20
1.80
31.10
6.00
29.80
17.60
26.40
12.80
11.20
3.70
37.50
9.10
34.50
29.70
28.60
28.90
28.00
23.00
10.40
11.00
33.20
26.70
44.60
4.90
8.30
5.90
34.40
40.30
20.80
21.00
48.90
26.50
26.50
36.40
41.20
16.10
10.80
11.70
11.70
35.00
24.20
1.40
20.50
27.00
36.00
36.00
49.70
36.00
42.90
26.20
37.40
13.80
2.20
3.30
15.10
26.90
28.40
29.50
26.50
26.10
23.40
21.80
32.80
35.50
34.60
16.70
43.50
12.20
25.80
42.60
28.70
6.50
9.70
28.10
36.10
41.10
42.20
21.40
40.80
2.90
3.70
45.80
48.10
38.20
30.10
40.80
20.40
13.90
44.10
42.80
39.90
5.40
30.20
44.20
46.90
28.00
17.00
39.50
46.40
21.30
25.70
3.30
35.30
26.30
28.10
17.90
18.60
42.50
11.60
2.70
7.00
23.70
38.40
20.40
46.70
0.70
16.90
20.30
20.30
48.30
44.90
41.00
4.90
5.80
16.10
33.30
15.80
21.50
39.50
2.70
28.80
28.80
47.50
49.40
38.50
2.60
29.90
13.80
16.40
17.90
43.70
11.00
17.80
0.00
46.10
13.80
5.10
48.50
8.70
7.50
6.20
39.30
33.50
23.70
7.40
14.10
7.20
40.40
37.20
8.20
27.90
43.30
20.90
9.50
30.00
18.40
20.00
30.80
14.70
33.40
15.80
27.30
29.40
36.40
8.00
11.40
12.50
25.20
0.30
34.10
34.50
43.30
44.20
24.90
30.20
47.80
36.90
47.20
10.80
22.00
42.40
3.10
18.00
44.40
19.90
19.00
8.30
30.20
41.40
34.30
41.40
0.90
3.40
40.60
47.40
45.90
21.00
10.00
11.60
8.00
8.00
3.90
13.10
46.80
46.40
39.40
27.10
24.00
48.90
30.30
38.00
29.40
34.00
21.50
4.40
11.00
6.00
9.90
1.10
3.70
3.70
9.40
17.10
25.60
36.50
39.20
1.00
9.60
34.30
4.50
15.40
6.40
19.20
49.30
49.90
13.30
12.40
31.80
49.50
32.10
30.70
10.50
48.90
45.70
44.90
42.70
13.90
42.40
12.10
27.80
26.50
18.80
36.30
41.30
7.50
45.60
7.00
24.90
31.90
1.30
44.30
32.80
30.90
42.00
37.80
39.20
1.90
6.00
12.90
13.70
42.80
14.70
49.70
23.90
29.60
10.30
16.80
31.30
44.00
9.80
21.90
40.50
6.50
13.80
15.80
44.30
36.70
43.80
43.30
1.90
22.70
38.40
24.60
39.60
13.20
4.90
18.10
13.00
32.70
12.60
1.00
37.70
18.90
15.60
4.60
40.60
41.00
35.90
20.10
31.40
3.30
25.40
49.60
2.10
15.60
12.30
35.30
46.00
48.10
24.10
40.70
15.00
14.60
33.80
26.30
14.90
6.50
45.60
6.20
49.70
1.00
35.30
20.40
11.10
42.50
5.00
7.40
8.10
38.40
25.10
14.40
7.60
19.90
5.30
22.80
34.70
22.50
19.10
5.20
41.20
39.50
49.20
8.80
4.10
28.30
48.40
44.00
34.70
19.70
24.70
49.30
24.50
4.70
39.30
30.90
25.10
47.80
17.50
1.50
20.50
1.70
33.80
3.90
45.30
36.50
4.80
30.40
47.00
37.60
45.40
33.90
6.00
8.20
8.30
25.60
23.80
17.40
47.00
0.20
37.20
11.20
24.10
4.80
11.30
27.60
19.00
25.20
26.60
3.60
39.10
4.60
27.40
9.40
14.10
48.20
16.20
13.40
32.80
39.90
46.90
14.30
22.40
2.60
12.30
46.90
36.30
40.40
22.80
44.90
33.90
41.10
29.70
19.40
13.40
38.40
7.20
7.00
46.40
19.10
2.30
17.40
0.50
16.00
31.70
37.90
44.40
30.60
23.80
3.30
1.60
21.60
2.80
5.80
29.70
32.80
20.80
23.80
42.40
18.00
22.70
47.20
41.20
18.60
18.40
29.00
30.00
15.50
20.30
43.50
3.50
5.00
3.50
10.70
22.60
46.20
12.30
0.20
15.60
49.50
44.90
14.70
35.10
21.70
36.10
6.00
9.50
15.70
15.70
27.00
49.30
3.70
5.90
15.20
41.40
4.50
30.20
43.90
22.60
5.30
3.10
8.60
43.80
27.70
1.60
37.70
18.30
4.60
30.30
14.00
22.10
15.30
47.10
2.30
7.90
45.00
7.50
45.30
47.60
9.20
33.60
33.70
4.60
12.30
12.70
4.20
27.50
34.90
11.70
18.80
42.20
9.00
17.00
11.90
13.60
12.50
31.20
1.60
7.60
15.70
44.50
6.90
15.00
34.60
27.40
42.70
25.20
40.90
25.50
11.60
35.70
32.20
0.00
3.70
45.70
8.10
29.40
9.10
36.90
24.70
25.70
46.00
20.30
0.60
32.20
13.80
8.30
28.10
22.40
21.20
3.50
14.40
31.10
6.30
0.60
11.50
0.70
18.10
36.10
24.70
22.80
7.90
27.80
42.60
9.10
24.30
8.10
34.90
10.30
26.70
16.20
6.00
37.00
48.10
6.60
44.80
20.50
6.00
48.40
9.30
24.50
43.60
19.80
20.60
28.80
44.80
15.80
45.20
15.10
41.80
48.60
40.00
25.90
34.10
40.20
16.50
16.50
46.90
43.60
8.80
44.80
47.60
0.10
36.70
29.80
12.30
0.30
36.70
26.10
44.00
30.10
10.40
34.40
15.60
44.10
39.10
5.80
0.20
30.40
36.60
28.40
18.00
18.30
15.00
6.10
44.60
16.10
43.30
26.40
7.10
49.60
0.20
37.00
48.90
28.10
10.10
6.20
19.40
23.60
45.90
11.60
30.90
16.60
48.00
30.80
1.30
40.70
40.70
11.90
21.20
13.20
12.60
13.20
46.90
14.60
18.00
38.90
37.40
26.50
6.40
11.30
10.60
33.90
13.70
34.70
24.10
41.90
7.50
7.90
43.60
34.70
33.00
29.50
6.20
20.50
5.40
5.60
47.30
44.10
48.00
10.80
29.10
2.60
0.20
34.10
34.10
43.20
36.80
3.50
18.70
8.80
4.40
48.80
38.60
42.00
18.50
34.00
46.20
27.90
7.50
21.20
26.20
26.20
21.30
17.00
9.00
19.90
48.30
3.30
40.60
16.50
33.00
29.60
12.20
27.20
9.30
12.10
46.10
0.80
44.00
16.20
34.00
23.90
49.30
23.80
8.90
6.50
46.50
36.90
10.50
29.30
7.70
22.60
19.90
28.30
42.20
34.10
11.60
3.80
43.70
31.30
9.00
15.00
10.20
22.70
8.10
28.70
46.70
11.60
4.00
31.60
16.20
39.40
0.00
18.90
15.90
36.60
46.10
40.60
2.90
12.80
49.70
20.20
19.00
23.70
21.00
8.30
21.10
5.70
22.50
30.40
17.00
43.20
25.20
36.10
36.20
49.40
7.50
31.10
20.90
0.60
15.90
28.70
26.80
8.30
47.70
41.10
8.00
16.40
5.50
23.00
5.20
5.20
17.10
4.60
47.10
22.30
43.50
12.80
27.50
18.10
33.90
44.40
43.50
33.40
18.40
35.30
0.20
10.70
45.00
17.20
2.20
0.40
36.20
46.00
37.00
29.00
29.00
18.50
44.80
35.10
10.70
46.90
46.00
10.80
39.30
5.20
7.00
14.40
21.10
7.50
21.80
9.90
24.70
7.00
31.10
7.40
6.80
43.90
27.30
22.80
20.20
16.30
45.90
29.10
25.10
20.70
47.80
24.50
43.80
27.50
39.20
12.20
44.10
0.40
29.80
14.10
33.50
29.00
33.60
23.00
31.40
31.70
32.00
37.60
36.60
6.80
35.80
32.40
25.30
12.00
20.10
28.30
36.50
43.50
19.80
27.70
38.60
26.50
14.80
10.70
6.20
1.90
33.90
46.60
40.20
40.60
5.30
48.40
46.50
23.80
29.30
15.40
25.40
15.50
8.40
27.00
40.50
34.30
21.40
16.50
33.70
41.40
35.20
35.20
30.20
40.80
24.30
25.90
3.50
32.90
45.90
15.40
37.40
7.20
7.30
19.70
37.50
5.30
33.80
2.00
27.10
38.40
34.10
49.90
47.50
12.70
7.60
19.10
22.10
35.20
31.80
3.70
27.50
15.00
24.40
22.70
47.60
25.80
19.90
32.00
42.30
5.20
21.30
19.90
37.70
34.00
21.60
4.00
3.80
43.20
45.40
43.50
7.00
1.50
19.70
45.10
38.20
43.30
30.70
25.50
48.70
40.40
43.20
12.20
26.80
33.90
43.00
2.30
10.90
39.20
27.40
40.60
23.50
15.00
46.00
8.40
29.00
8.40
37.20
4.60
49.40
4.40
41.10
19.70
4.30
38.80
23.60
27.20
37.60
38.20
7.90
34.40
40.90
10.40
10.30
19.90
35.10
23.90
27.10
25.60
19.40
16.90
16.60
47.20
23.50
32.40
1.90
22.60
4.60
27.60
1.50
15.10
20.40
35.30
15.30
8.30
2.60
33.70
8.20
30.40
35.10
31.60
11.20
42.20
49.40
26.10
42.90
42.90
41.10
49.10
4.30
45.00
23.00
8.60
10.40
48.90
26.10
26.70
9.50
34.90
42.40
25.20
8.30
6.30
48.30
17.50
46.40
49.00
33.90
39.70
44.10
33.60
28.10
14.70
27.20
44.40
23.30
37.90
11.70
11.70
43.50
22.10
28.50
14.50
1.40
31.80
13.10
13.50
16.50
3.50
22.80
34.80
47.20
29.20
16.20
45.00
40.00
39.30
31.70
1.00
22.30
23.40
25.90
35.60
35.60
35.80
43.70
30.90
24.20
46.70
17.00
4.80
28.20
11.60
29.90
23.40
48.40
46.50
29.10
24.70
10.80
29.80
21.20
21.20
40.10
7.70
4.40
35.80
9.70
16.40
48.50
8.80
21.70
41.70
21.60
24.00
27.10
35.30
20.20
10.00
16.30
39.50
17.20
0.50
0.50
1.20
30.20
2.30
32.60
29.40
48.00
46.00
4.50
12.30
25.90
24.50
14.40
33.60
40.20
4.90
9.60
23.50
39.40
23.40
5.60
7.20
44.20
1.10
10.70
41.70
45.90
38.00
23.60
12.30
45.80
48.80
21.40
6.40
45.00
44.10
44.30
44.30
11.20
7.00
16.90
1.00
45.70
16.40
31.60
30.80
48.50
2.10
0.10
0.40
4.60
42.90
44.90
15.30
23.00
11.40
8.90
24.30
48.10
40.30
32.50
5.50
24.10
9.40
9.40
2.30
14.40
42.70
12.40
14.30
36.40
18.60
7.50
35.90
24.50
43.00
31.00
14.00
21.60
35.40
30.30
24.20
6.50
42.00
23.40
20.10
6.20
46.90
25.10
2.30
33.30
24.20
49.80
16.10
19.40
30.80
3.20
35.50
39.20
35.20
16.80
23.20
35.90
39.20
27.10
5.20
46.90
15.40
44.50
22.40
26.50
47.30
46.60
3.30
18.70
29.20
17.30
21.10
10.00
32.90
25.10
18.90
7.50
11.30
17.90
49.20
35.20
9.50
5.20
39.20
21.20
47.50
43.60
42.10
12.80
49.30
15.80
47.30
44.80
15.20
19.20
38.00
46.90
27.70
9.70
33.60
36.00
23.00
5.10
33.00
20.60
34.30
29.10
46.90
7.00
42.70
38.30
40.40
3.80
37.30
35.20
28.80
12.20
49.40
12.10
17.80
5.80
14.20
21.50
3.40
14.30
43.40
29.80
35.20
37.60
27.20
23.20
10.50
13.20
3.30
34.90
17.70
26.90
1.40
20.80
48.80
15.20
38.00
45.90
36.20
40.70
38.70
39.30
39.60
14.40
48.70
30.30
12.50
12.00
24.80
32.40
6.40
32.00
5.80
0.00
21.30
45.90
1.50
9.20
27.20
6.40
33.20
7.30
38.70
18.60
18.80
24.50
12.00
43.70
25.40
25.50
15.10
32.30
37.00
7.20
37.40
20.40
14.00
49.90
23.90
47.40
14.40
41.90
14.10
14.20
49.00
14.20
14.20
49.00
28.00
39.60
3.30
34.70
20.80
22.00
20.60
39.60
4.90
37.00
45.20
26.70
13.00
36.80
21.90
19.00
45.80
18.00
32.90
11.30
19.40
15.60
48.60
19.10
49.70
19.60
34.90
43.20
11.70
28.10
43.30
11.70
3.40
27.40
16.80
26.30
15.80
12.60
36.00
8.00
6.10
8.20
28.30
28.30
0.00
28.80
12.40
9.00
0.70
16.40
26.40
26.90
6.50
29.50
26.60
12.00
19.60
6.00
35.70
39.40
38.30
45.40
23.20
37.10
26.10
33.80
40.90
18.90
46.80
38.80
4.90
34.20
24.90
10.30
37.90
8.00
37.00
25.40
18.20
21.40
43.50
1.40
42.40
27.10
44.90
19.60
21.40
48.30
1.50
16.50
35.30
34.00
41.90
45.00
26.10
29.90
20.80
8.00
43.80
0.60
28.70
46.20
48.40
34.10
31.00
10.40
3.90
30.30
0.50
44.50
1.80
31.90
49.60
34.10
21.10
45.80
16.40
19.60
42.60
37.00
10.80
0.50
48.10
26.00
2.80
27.20
22.50
39.30
48.40
22.70
41.50
0.00
10.30
28.50
20.60
29.10
16.50
41.00
29.60
27.70
49.60
30.00
45.50
35.00
20.00
15.80
22.30
35.00
41.40
46.50
22.20
5.00
29.70
25.30
30.00
30.80
0.60
28.00
26.20
8.50
8.50
39.50
49.90
17.10
27.50
13.20
30.20
24.60
37.60
17.20
15.30
39.30
10.10
0.50
47.50
2.70
29.60
20.50
48.00
44.70
10.60
10.90
21.10
12.00
28.30
38.60
16.40
25.80
11.70
27.40
27.40
26.00
26.50
4.10
38.00
17.10
2.80
5.80
41.80
49.90
16.80
17.30
23.90
31.30
32.80
8.20
49.50
45.30
10.20
13.90
4.90
33.70
32.60
11.50
30.10
32.80
35.80
32.10
8.60
5.50
23.40
12.10
49.50
20.70
26.20
0.00
12.10
4.40
6.10
31.30
7.10
36.70
48.30
4.80
47.90
13.00
32.00
26.80
43.80
7.50
12.20
35.50
33.40
34.60
36.10
28.70
32.30
7.70
33.90
7.70
4.00
21.50
41.90
8.60
6.90
16.50
16.50
16.70
38.50
13.60
26.60
21.20
33.00
27.40
14.70
26.50
3.90
48.00
44.20
15.10
38.90
36.70
20.80
8.90
13.20
8.90
16.20
34.70
33.20
33.10
43.30
31.10
30.30
32.20
22.20
42.50
48.70
27.50
39.10
49.90
15.90
32.70
41.50
14.00
34.20
1.30
39.00
0.80
45.40
25.20
44.50
16.60
13.90
27.80
44.40
14.60
31.20
37.10
22.00
28.50
47.90
19.50
44.90
9.50
21.50
7.40
45.30
20.50
4.80
16.30
46.70
27.80
15.20
44.60
4.70
43.40
36.40
40.70
4.50
33.00
12.30
2.60
36.30
44.00
24.60
22.20
35.80
4.50
7.00
5.70
8.00
44.50
46.20
14.90
26.10
21.30
27.30
14.80
34.90
28.70
27.70
47.00
10.20
48.70
32.30
23.40
44.30
23.70
32.50
41.50
10.20
25.30
13.30
40.30
15.80
10.70
34.40
28.50
7.20
32.20
24.90
2.60
23.60
25.00
45.10
36.10
3.40
36.50
37.90
20.70
25.90
27.40
16.90
42.60
41.60
33.10
4.40
37.30
9.70
3.90
12.70
14.90
34.10
41.70
42.00
10.90
44.10
16.60
21.60
11.50
11.40
39.50
13.60
16.70
2.70
36.40
12.10
23.30
16.50
41.50
30.30
24.20
11.60
43.50
46.30
16.50
12.60
49.00
45.60
6.90
11.40
11.90
33.00
28.60
33.00
33.10
36.80
0.80
34.50
49.60
20.50
10.80
42.70
8.90
23.50
28.80
24.20
34.70
18.50
31.40
33.00
12.80
44.20
49.50
24.10
5.00
37.20
7.40
24.90
44.80
10.30
20.40
8.10
21.30
40.60
12.70
38.00
9.90
32.10
21.80
22.60
30.50
36.60
11.50
20.60
22.40
21.90
10.30
43.50
14.40
2.70
49.70
25.50
48.60
34.30
32.80
16.80
26.10
36.30
48.40
34.10
14.90
10.60
38.90
44.90
18.20
9.70
29.60
19.20
47.60
12.30
4.30
21.70
27.40
45.60
27.80
45.50
21.30
33.00
4.00
12.00
48.40
17.00
16.40
17.20
13.60
18.90
15.70
31.10
24.60
3.50
16.90
8.70
45.10
8.90
33.70
12.20
7.60
21.60
44.50
23.70
0.70
30.30
13.70
26.80
42.90
43.80
36.20
2.20
22.20
43.40
40.50
35.10
44.40
35.90
48.50
4.60
42.30
25.60
12.30
23.50
45.00
39.20
28.50
10.90
38.50
49.20
41.90
11.60
46.30
37.90
11.20
36.60
20.70
38.20
5.00
49.20
43.00
34.40
0.00
8.70
12.10
31.40
5.50
45.00
36.20
37.10
37.60
49.40
35.80
33.50
22.10
37.20
16.60
47.60
25.60
0.80
25.10
32.10
0.50
45.80
23.20
19.00
14.80
32.60
38.30
40.00
13.10
4.30
20.80
0.20
28.90
21.40
33.00
35.10
11.50
39.20
16.90
31.90
8.30
3.70
18.20
45.20
11.60
32.20
21.80
22.30
39.10
21.90
19.40
17.90
44.60
3.80
44.30
21.50
18.90
24.00
39.10
21.70
1.30
14.60
42.60
19.40
32.20
16.70
44.50
48.10
29.30
5.60
14.60
0.70
48.30
13.20
14.40
23.80
4.70
3.80
42.10
5.60
41.60
28.80
42.50
41.20
13.10
6.20
48.70
9.80
33.50
32.70
9.60
15.90
35.40
12.60
18.50
49.90
47.60
14.20
30.10
32.30
28.20
43.40
12.50
26.70
12.50
34.80
32.60
22.40
20.90
36.80
45.70
22.10
22.50
47.00
40.90
33.50
48.20
4.80
47.20
39.70
0.20
34.90
42.00
7.90
46.10
22.60
3.00
6.40
42.10
26.10
41.80
16.20
13.10
35.60
48.10
44.00
20.10
29.20
38.70
15.30
47.50
1.90
0.00
22.40
1.10
5.40
27.70
31.10
35.00
39.00
2.40
6.30
32.50
48.40
33.50
40.40
37.90
27.80
17.30
32.20
24.20
16.20
29.90
49.90
26.30
29.60
3.30
40.30
21.40
21.90
3.60
31.60
40.00
25.80
5.50
9.20
20.60
14.40
11.10
6.30
47.00
9.20
29.70
15.70
5.60
19.00
7.70
36.70
34.00
23.80
22.40
21.90
23.60
10.70
41.90
25.80
24.60
20.10
32.10
21.90
21.90
9.80
22.10
4.20
13.80
44.30
37.20
15.50
33.20
4.90
24.20
27.20
35.60
49.90
28.10
4.90
3.10
3.10
49.10
42.10
34.20
7.70
21.60
1.30
2.10
32.40
12.60
18.30
32.90
22.40
6.40
30.40
0.40
43.90
44.20
7.60
40.40
27.60
7.30
30.20
12.20
48.00
43.60
0.60
43.50
16.70
15.40
6.50
17.60
27.20
47.30
39.70
34.90
12.60
24.70
33.30
40.90
8.40
22.40
1.80
14.60
11.60
10.50
15.20
44.20
10.00
47.40
47.90
36.90
9.80
37.40
2.50
31.30
34.40
19.40
28.00
14.50
16.80
22.20
42.10
10.40
4.00
13.90
31.30
48.50
33.60
8.40
0.50
12.10
40.40
37.60
38.30
37.00
37.40
34.50
9.40
36.20
5.60
9.00
46.40
22.30
28.80
31.20
37.30
5.70
24.10
30.00
14.90
14.90
10.50
3.60
18.20
31.00
36.20
32.50
32.80
1.00
37.20
3.90
44.50
13.90
37.40
3.90
1.30
43.10
44.60
46.70
49.50
36.70
20.10
10.00
10.70
31.40
30.60
9.80
24.60
32.70
6.20
31.60
7.50
12.00
47.40
38.50
7.60
3.70
23.80
37.80
27.80
26.50
5.90
49.90
16.30
13.00
49.60
44.50
30.10
21.00
15.70
34.70
42.30
46.40
42.20
34.10
20.60
3.60
38.40
3.60
44.30
27.10
48.90
40.00
48.80
44.60
36.50
20.10
6.10
38.50
29.20
33.10
35.20
26.10
25.40
37.00
30.50
29.20
5.90
11.70
43.20
28.50
41.60
7.10
49.90
43.40
0.40
20.30
33.90
3.10
2.00
0.90
45.70
6.60
42.10
0.40
9.30
16.80
35.70
24.90
41.00
3.70
9.80
17.90
33.20
13.60
45.50
47.90
47.80
48.30
43.80
23.50
49.30
35.40
9.70
37.10
3.60
46.50
31.90
1.20
30.30
2.20
4.30
25.30
47.50
10.40
45.80
49.80
17.10
8.50
14.20
49.20
6.70
45.50
46.40
12.80
13.60
18.60
2.80
35.10
17.70
21.30
49.90
37.70
3.30
49.30
26.40
19.00
20.80
27.10
41.40
15.00
1.10
28.70
40.40
14.30
39.80
47.70
19.10
11.70
7.30
49.20
42.20
6.50
31.30
3.50
39.30
23.40
8.60
24.80
32.70
24.80
5.50
23.90
22.80
0.00
18.30
49.60
39.50
27.50
19.90
7.90
24.30
20.80
31.30
23.60
22.00
47.00
30.10
47.90
45.80
19.40
4.90
4.50
34.50
5.50
23.50
47.60
19.60
46.30
10.40
48.90
31.50
38.50
45.50
28.00
46.20
4.70
15.30
29.80
23.00
29.30
3.60
0.70
9.90
3.50
36.60
35.70
47.60
44.80
18.10
15.70
31.10
41.60
47.40
45.70
14.50
9.80
27.20
22.60
34.30
31.80
47.90
18.00
11.90
34.70
31.60
12.80
22.70
12.30
34.90
40.90
1.40
39.40
7.80
21.00
9.20
15.70
34.60
29.20
32.20
21.30
12.90
28.70
1.60
6.60
40.20
9.80
4.40
19.40
21.20
40.50
44.20
24.50
5.90
26.70
16.50
13.30
14.40
20.50
13.50
8.00
17.30
26.70
2.50
21.60
32.40
43.10
12.60
35.70
18.10
19.10
3.40
42.60
37.20
5.00
12.50
43.70
8.10
36.90
31.40
1.00
0.80
42.10
28.70
3.10
20.10
7.50
15.30
0.40
47.20
18.90
27.30
29.30
8.10
38.30
37.70
44.90
47.20
25.90
38.80
49.20
7.00
27.30
10.50
12.20
15.20
14.20
13.20
20.00
47.20
13.50
4.40
36.10
6.10
33.00
18.10
32.60
4.80
14.80
40.80
47.30
36.80
12.80
4.10
11.30
40.30
39.40
10.60
36.90
48.00
36.20
31.90
29.10
10.80
7.00
28.80
13.20
41.20
47.70
24.60
6.60
3.20
39.60
31.00
34.60
23.50
19.00
21.60
31.50
4.20
42.30
32.00
1.40
48.50
17.60
49.60
14.30
11.40
45.50
13.30
19.00
3.70
8.90
42.20
16.20
39.00
14.20
29.80
35.10
28.10
34.60
13.30
42.40
13.50
34.60
9.20
34.70
16.20
40.30
34.80
11.40
12.00
17.30
26.80
43.10
27.00
8.10
30.20
36.00
19.00
36.80
47.30
5.60
38.90
18.30
23.50
26.20
45.00
1.50
32.90
12.40
29.90
45.40
26.50
3.50
9.80
15.10
19.70
4.10
9.00
10.20
36.30
34.70
2.00
45.70
21.90
26.40
13.10
31.40
24.40
24.80
10.00
8.90
45.00
49.20
16.50
48.10
49.10
35.90
24.30
28.00
45.50
7.10
24.00
3.10
9.70
39.60
8.20
23.50
48.10
2.10
26.00
30.40
32.50
21.00
6.20
28.40
38.60
1.50
35.20
47.70
27.50
38.60
48.10
49.90
15.90
25.70
12.20
36.80
28.50
23.90
4.40
39.30
5.10
2.80
35.00
31.80
29.80
23.20
7.00
19.30
37.90
19.00
16.20
13.70
13.70
2.80
33.80
40.20
39.70
28.70
41.60
0.60
3.90
18.00
42.60
16.80
7.80
47.00
36.20
22.20
6.30
39.90
20.60
0.40
20.90
13.40
13.40
26.90
38.50
42.10
35.70
21.40
18.70
34.80
17.40
26.00
11.80
33.80
8.90
18.90
22.40
5.50
25.70
6.30
32.00
23.60
4.50
26.20
21.30
36.90
8.90
2.90
44.90
34.70
8.30
9.40
20.40
38.80
31.60
41.90
22.30
24.80
26.90
20.90
3.10
31.50
14.50
42.00
31.70
23.50
33.80
36.30
37.00
3.30
17.80
5.20
25.00
22.80
20.20
11.00
8.00
7.60
33.80
9.90
18.10
4.30
28.70
33.70
46.90
27.50
14.50
39.10
30.30
34.20
42.50
8.70
31.90
20.40
17.90
9.20
28.20
38.30
4.10
37.40
29.10
35.70
24.70
7.80
33.80
45.30
29.40
24.10
5.30
44.00
44.00
0.90
25.00
33.10
43.50
42.90
24.00
48.10
39.60
35.00
28.40
4.70
35.10
38.60
28.10
46.50
42.90
21.40
14.80
17.40
0.20
10.70
36.50
12.10
29.90
49.20
33.20
48.80
8.40
45.80
4.80
25.50
3.60
5.20
14.70
14.80
41.10
45.20
8.60
20.00
14.70
5.40
15.40
3.10
19.60
38.70
9.90
41.00
27.30
37.00
45.50
22.60
38.10
16.80
38.00
42.40
46.80
47.90
25.70
33.50
24.90
24.90
34.80
14.30
27.20
41.40
3.10
48.90
18.10
17.90
19.90
43.00
3.70
21.90
38.10
43.30
24.00
49.30
7.40
17.70
21.80
26.90
36.40
22.90
49.60
22.20
44.20
42.00
33.90
42.10
42.60
42.10
25.40
5.50
5.20
23.40
4.20
33.60
33.90
13.60
23.80
7.60
7.20
12.50
29.80
48.10
7.80
9.10
41.80
6.40
47.90
9.00
40.30
42.10
42.90
41.20
16.60
3.50
34.60
19.70
25.00
6.40
13.40
24.50
44.80
7.50
43.30
46.80
17.50
12.40
45.00
26.50
6.30
27.80
25.20
10.40
27.20
32.40
24.00
5.90
9.40
24.70
35.10
24.60
4.90
19.80
32.60
36.80
30.10
8.50
4.60
17.60
18.20
49.10
43.50
6.70
14.90
47.90
14.70
30.30
45.50
10.60
47.40
37.80
15.30
28.00
12.30
26.00
33.40
6.10
4.40
10.70
14.40
45.20
46.70
15.00
14.70
4.60
7.70
46.50
19.30
18.10
2.50
38.70
15.80
3.50
32.50
10.70
48.40
27.40
9.80
43.50
20.10
2.20
36.50
8.30
12.50
7.90
40.60
26.10
40.80
21.00
34.40
40.60
21.50
22.60
49.90
48.00
32.70
45.20
43.40
19.20
10.50
46.90
46.10
39.40
18.40
16.30
19.20
22.90
17.10
8.60
28.70
43.70
46.00
7.80
16.40
26.50
41.50
15.30
45.70
21.70
14.70
35.30
2.60
40.90
30.50
23.30
4.70
41.40
23.30
18.30
44.50
24.60
43.40
35.60
42.70
29.50
42.70
30.50
23.50
19.70
43.10
3.00
7.20
22.40
0.50
3.40
48.00
22.10
16.50
4.10
35.60
8.50
2.70
46.60
39.40
28.70
45.40
13.80
48.00
8.70
26.70
40.10
5.00
42.50
11.40
8.80
7.70
1.70
43.40
2.20
18.70
17.60
24.60
32.50
47.10
31.70
5.80
27.30
44.60
48.50
39.20
30.00
36.70
37.80
45.20
23.20
49.40
16.90
18.40
33.20
19.30
25.30
33.10
46.40
6.80
29.30
10.60
26.70
49.00
10.80
26.60
49.70
24.00
30.30
35.20
22.50
40.90
29.80
3.20
31.40
46.30
26.00
42.70
29.50
39.40
18.00
25.40
0.60
20.40
25.90
30.40
37.50
15.70
11.90
1.80
11.80
37.80
28.50
36.60
30.00
39.50
29.20
40.40
36.60
29.30
34.50
15.20
3.50
47.70
5.90
42.00
34.10
10.50
12.00
40.60
6.90
6.90
23.30
34.90
22.60
26.30
13.00
16.40
37.80
21.20
46.20
3.90
48.60
33.80
16.40
7.30
35.40
3.00
7.80
33.20
49.40
1.30
37.20
22.50
9.90
8.40
29.00
20.40
43.00
16.00
8.00
10.00
15.60
22.70
22.70
40.80
24.00
44.60
35.10
37.50
31.40
43.50
0.10
48.00
36.60
26.70
39.60
28.00
18.40
13.00
48.70
7.60
3.70
21.90
16.80
40.30
7.90
29.60
12.80
16.30
17.70
13.60
24.60
24.70
24.90
12.00
3.10
20.40
31.90
41.90
49.80
1.80
4.10
28.50
42.00
11.50
13.00
38.90
43.80
46.20
12.50
14.80
10.50
26.30
41.30
3.60
46.30
31.10
25.40
14.80
4.30
19.60
42.10
33.40
34.60
45.10
14.10
0.60
35.30
30.20
29.20
37.30
35.20
24.40
27.30
31.50
3.80
23.70
0.00
31.60
40.60
19.10
8.80
18.70
26.10
11.90
23.10
43.40
16.80
46.00
3.90
20.30
3.40
15.50
4.00
19.70
4.00
19.70
24.80
2.90
46.80
38.30
3.90
21.40
24.50
10.20
45.30
4.20
13.60
4.40
0.40
28.30
49.60
27.70
41.50
0.00
41.30
27.80
36.60
1.30
17.20
15.00
46.90
18.70
48.50
47.50
17.90
5.80
31.80
35.40
15.30
6.10
39.10
11.50
19.80
17.20
6.30
36.30
40.60
49.80
47.30
3.30
19.60
35.90
8.40
2.60
46.70
34.10
43.40
29.20
16.90
36.60
7.50
21.30
13.70
33.90
20.40
0.00
14.90
43.60
13.50
42.00
7.50
12.80
48.60
15.00
25.70
6.60
33.20
43.60
2.10
7.60
33.00
10.40
6.60
6.60
22.00
18.30
38.70
1.40
8.50
46.60
5.80
31.50
21.70
49.10
29.70
7.80
27.80
13.40
1.20
39.40
17.20
4.70
7.50
30.30
4.00
37.00
9.20
2.90
48.90
49.90
46.20
18.60
21.50
5.80
36.60
9.50
32.20
37.40
20.60
1.00
35.00
18.40
26.20
40.10
23.40
26.80
30.80
38.40
22.40
42.50
27.30
22.90
15.10
9.00
34.60
46.10
38.80
20.70
28.30
19.50
30.60
19.70
32.40
32.80
46.20
4.90
20.00
44.30
40.50
0.60
47.80
41.00
4.70
9.70
48.40
11.20
43.90
47.30
0.90
11.80
30.70
33.90
38.70
39.90
7.60
17.20
4.40
44.10
44.60
8.60
13.90
23.70
5.60
2.80
16.80
21.80
6.30
17.60
14.40
22.10
11.50
20.30
37.80
33.10
6.20
4.40
39.60
16.40
3.10
33.00
45.60
20.40
16.60
7.00
2.70
31.70
29.50
35.50
45.10
47.50
24.60
22.40
35.50
6.10
11.10
35.90
8.10
13.20
24.20
43.30
48.80
19.70
48.30
34.70
20.60
14.20
41.90
49.50
38.70
45.30
15.10
31.30
48.50
37.20
44.80
31.40
18.10
23.40
3.00
41.10
26.50
23.20
22.20
49.70
16.00
18.30
33.30
25.30
33.30
9.30
40.60
16.10
30.70
45.50
34.00
19.20
25.60
44.10
13.70
5.50
44.90
8.80
36.20
39.30
32.50
2.80
30.60
3.60
25.90
30.10
21.80
47.10
33.30
12.50
42.30
4.40
34.80
7.80
22.60
1.60
13.80
45.60
21.70
10.50
28.70
37.80
34.40
14.00
31.10
16.10
17.70
44.90
26.80
26.90
22.70
30.00
14.90