Rio de Janeiro - Temperaturas:
6.50
15.30
6.40
46.70
9.70
38.70
17.70
9.80
27.40
12.60
41.20
0.40
24.10
30.60
19.80
42.20
0.30
35.70
42.00
41.40
36.10
47.50
3.10
35.20
36.50
4.40
37.00
36.60
16.70
38.90
20.90
16.60
44.80
13.20
45.70
26.70
15.00
29.90
34.80
20.90
33.50
1.80
20.10
26.30
7.20
10.40
19.50
12.30
29.20
21.60
26.20
10.10
20.60
17.00
0.50
44.80
48.20
29.30
21.10
25.80
9.80
3.90
42.60
37.80
10.60
3.10
3.10
26.90
43.70
38.00
7.20
10.60
32.00
42.60
1.80
32.80
4.90
2.80
9.30
25.80
13.40
25.30
9.60
44.00
28.70
31.60
47.70
22.10
47.10
6.10
6.30
3.80
8.20
11.60
6.90
44.80
8.50
0.70
28.70
31.70
33.30
44.80
1.60
30.30
0.60
29.90
2.00
41.40
11.40
19.00
1.40
19.60
21.90
12.80
14.00
37.60
8.20
48.10
37.70
40.90
9.40
22.50
47.70
22.90
34.00
48.70
15.60
18.20
23.50
42.00
11.10
28.90
13.20
44.40
32.60
14.10
9.30
25.00
38.00
10.10
8.60
36.90
6.90
17.90
19.20
12.90
0.90
2.20
10.10
42.10
6.90
2.80
8.40
4.20
32.50
33.40
38.10
44.10
18.00
48.80
47.70
19.40
4.90
28.10
10.10
8.00
25.00
19.90
46.50
47.40
25.20
9.30
43.10
37.30
42.80
35.20
23.40
21.40
48.30
42.90
21.70
4.00
6.40
33.70
25.80
45.50
42.60
28.10
18.50
18.30
17.10
47.40
37.20
39.50
34.50
14.30
19.70
37.20
39.90
22.10
37.90
35.50
43.40
23.90
18.00
2.10
14.30
35.30
17.20
37.40
5.00
15.90
9.80
29.50
9.00
29.50
28.50
3.30
14.60
46.20
35.00
49.20
39.70
36.20
16.50
46.10
48.40
17.20
34.50
45.60
8.00
3.10
37.10
10.40
44.00
13.60
23.60
24.40
31.90
32.70
21.80
27.90
39.50
45.50
49.60
0.20
44.20
8.50
9.50
25.30
34.50
8.30
12.10
25.00
27.80
27.60
33.20
0.30
7.70
46.60
47.50
22.00
1.80
18.80
44.90
0.10
48.30
17.60
49.20
40.80
41.10
17.80
24.10
46.30
43.90
28.90
45.00
39.30
23.40
32.20
2.60
17.80
28.10
18.80
0.70
25.70
3.60
0.20
42.20
7.90
23.70
49.70
22.70
40.70
15.20
16.00
9.60
33.40
33.30
32.80
33.00
32.50
15.10
33.30
33.80
6.30
4.10
9.60
39.00
11.70
44.30
10.00
18.20
0.60
14.90
2.70
1.40
14.30
14.30
15.90
25.20
30.70
39.40
8.20
41.80
33.90
45.00
8.10
22.40
4.00
18.90
23.50
25.20
4.20
19.60
15.90
6.00
28.90
28.60
49.80
10.30
4.70
36.70
15.80
25.80
12.30
28.30
38.50
20.70
17.90
42.10
13.20
12.90
31.70
26.00
28.60
17.40
24.90
42.60
45.70
24.90
40.00
36.00
12.90
31.00
20.90
22.40
37.30
5.40
28.30
6.40
32.20
32.60
3.10
28.60
21.10
38.60
33.40
35.20
41.00
17.80
48.50
14.70
38.40
38.40
27.80
40.80
31.20
32.30
30.10
37.30
4.80
45.00
6.90
42.30
38.90
28.50
20.10
24.10
3.90
9.30
35.00
15.20
46.50
37.90
16.90
15.10
16.50
29.20
5.00
25.60
38.90
18.30
47.40
24.10
19.80
27.80
9.60
2.70
23.50
43.80
29.10
29.90
30.20
12.30
31.50
28.50
38.30
31.50
35.70
10.10
19.70
48.00
12.40
30.70
9.50
35.70
29.00
5.20
21.30
46.80
7.20
1.00
15.40
45.10
13.00
10.40
31.60
47.50
41.40
29.00
4.40
18.80
45.50
0.20
15.80
28.20
32.90
44.60
13.50
2.40
46.30
12.20
3.00
20.70
34.00
12.10
39.20
1.20
37.60
40.60
42.80
32.90
31.20
25.80
45.50
16.90
14.40
38.70
48.40
47.10
6.70
19.60
20.80
9.40
8.70
8.30
32.90
22.50
12.60
47.10
43.30
9.50
0.00
38.40
32.20
45.50
41.60
34.30
47.50
33.90
44.80
19.80
10.70
21.40
31.50
23.50
28.70
11.80
13.80
41.50
12.60
40.90
0.00
2.90
48.10
48.30
39.00
37.80
3.70
5.70
5.00
28.50
43.70
31.10
32.20
6.80
34.00
22.80
8.10
6.00
7.10
33.90
8.30
24.70
11.70
0.20
5.40
18.10
18.80
18.30
10.00
31.40
1.00
24.20
10.00
35.60
23.80
30.90
12.30
11.40
6.20
40.40
49.90
4.50
4.60
33.10
5.40
20.70
29.80
1.00
12.10
15.20
24.10
0.10
30.80
40.30
25.00
16.40
42.80
8.80
27.40
27.50
49.40
8.00
8.40
19.60
21.80
16.90
43.20
26.20
26.50
9.00
2.30
47.90
16.20
43.00
16.00
24.70
0.30
12.40
24.60
36.40
40.50
10.70
8.50
17.30
18.80
23.40
16.00
37.70
26.40
32.60
47.90
9.50
12.60
3.00
7.00
45.30
32.80
42.00
2.40
26.10
39.40
9.90
11.30
34.00
9.60
20.10
15.60
21.40
35.60
2.80
23.30
17.80
18.10
30.80
34.80
12.10
49.70
10.00
10.10
34.60
2.10
32.80
15.10
7.30
39.60
47.10
23.60
37.00
21.80
6.30
20.60
7.70
19.40
14.10
24.60
8.80
2.90
13.60
42.80
25.70
49.00
34.10
49.00
26.80
1.10
13.60
18.70
10.00
28.60
30.00
24.70
10.30
24.90
7.20
38.00
32.70
46.60
20.70
21.80
1.70
40.30
3.70
28.70
23.90
24.30
23.00
29.10
8.50
34.10
32.80
25.50
4.20
37.70
45.10
32.90
33.70
25.00
39.30
16.40
44.20
36.20
44.30
18.00
48.10
35.60
10.10
40.10
31.00
46.30
45.10
27.30
32.20
14.60
42.10
42.20
25.00
36.90
2.80
4.30
36.10
9.00
7.40
20.50
22.10
5.40
21.20
25.80
17.80
18.10
31.30
30.00
31.00
15.90
23.70
28.70
11.40
24.80
32.70
21.60
42.30
20.50
47.70
20.20
35.80
30.70
13.90
17.10
5.80
41.90
23.70
36.80
38.60
1.80
7.10
5.60
44.40
25.30
4.80
12.50
31.70
12.50
28.20
21.00
48.60
36.40
17.50
30.40
4.20
36.70
17.50
38.80
7.00
7.10
34.50
19.50
30.50
44.10
47.40
39.20
48.20
47.40
9.10
9.10
13.70
35.90
25.60
41.60
17.90
42.10
38.90
18.80
13.40
1.50
8.10
5.30
8.30
24.50
35.80
13.30
25.00
22.70
48.30
37.30
33.70
12.60
21.50
18.30
4.80
34.70
18.10
35.20
21.10
7.90
15.00
1.30
20.80
19.20
9.10
29.70
3.50
29.70
5.50
4.80
17.90
36.60
12.00
37.10
39.70
26.20
9.60
24.70
45.20
26.90
6.40
47.20
45.20
39.10
35.10
27.30
14.60
13.80
18.60
18.00
7.20
48.10
14.90
8.10
18.40
21.90
36.60
36.60
30.50
25.90
11.30
49.60
9.80
30.00
16.70
43.70
5.20
16.70
15.60
20.20
47.50
0.20
1.90
19.80
18.00
32.00
31.50
16.70
41.40
3.90
11.10
17.30
28.90
38.60
32.40
21.30
16.40
24.60
0.80
26.60
21.40
40.60
10.50
6.10
2.70
7.00
36.50
7.90
14.70
26.70
21.50
21.60
23.30
46.40
34.30
11.90
24.80
7.60
39.00
32.80
32.30
7.50
12.90
46.20
36.10
42.80
37.20
9.60
44.20
28.50
33.50
3.80
20.60
0.90
42.40
23.00
27.70
5.50
44.30
49.80
32.80
8.40
36.80
46.10
4.30
6.10
22.10
18.20
17.50
12.50
34.30
45.80
8.10
45.60
13.40
41.10
27.00
49.60
19.30
3.30
22.30
27.20
49.60
29.30
14.60
32.90
26.40
17.20
8.10
11.10
12.90
31.90
44.20
44.60
25.80
1.70
1.80
41.80
24.80
9.90
46.20
6.50
18.90
7.00
23.60
39.60
20.00
26.00
42.30
37.00
19.20
17.90
21.10
31.70
41.80
43.80
49.60
0.70
24.90
16.50
22.00
5.20
11.10
8.90
35.00
48.20
47.50
29.30
49.90
26.80
25.30
37.50
49.40
18.90
44.30
17.70
10.10
33.20
47.90
47.60
0.10
45.60
16.80
26.60
22.20
9.10
2.00
36.10
27.00
10.90
30.80
39.00
2.80
31.80
11.80
43.80
30.20
43.20
12.90
38.00
0.60
13.20
48.40
3.40
12.20
0.90
9.10
22.20
19.60
13.30
21.90
46.50
43.80
13.90
16.30
12.00
34.50
37.70
6.00
40.60
41.50
32.40
22.60
41.40
47.30
27.40
14.00
25.40
25.10
7.30
41.00
30.80
2.70
44.20
44.10
26.20
5.50
25.20
41.00
1.40
24.20
15.90
36.80
7.80
20.00
21.70
1.30
16.20
13.90
43.90
26.00
4.10
34.60
2.60
1.30
28.90
32.80
48.80
21.00
5.50
11.60
39.20
34.80
29.10
30.00
26.70
39.30
21.40
4.20
47.50
39.30
35.60
19.00
4.50
28.90
16.80
13.70
8.10
10.20
45.90
9.00
48.10
37.10
29.50
13.60
29.00
35.40
7.10
17.30
11.80
12.80
19.90
28.60
34.40
3.60
29.00
34.90
12.30
41.50
9.90
1.40
1.50
23.20
17.30
19.00
22.90
27.20
29.30
26.20
25.80
26.10
16.60
49.20
26.20
33.60
31.40
1.90
27.20
17.00
46.90
7.90
42.10
16.90
46.50
2.80
41.60
1.30
38.00
43.80
49.00
29.40
43.80
14.80
19.30
5.70
16.90
44.90
45.60
13.40
15.70
27.90
15.40
33.70
20.80
26.10
5.50
31.10
8.20
23.80
38.30
22.60
29.10
31.90
4.90
40.90
13.20
11.70
22.40
34.50
28.30
21.00
15.60
29.80
10.80
27.60
24.40
8.70
6.90
27.30
44.90
13.00
46.30
49.30
21.10
32.80
19.10
11.00
44.40
26.10
31.00
44.30
44.80
38.60
40.30
6.90
49.70
25.60
47.60
45.00
3.00
27.90
11.90
11.80
1.50
17.80
30.20
17.60
19.00
31.30
46.10
40.20
7.20
48.80
34.20
26.50
19.00
47.00
27.10
47.70
10.00
46.40
0.00
41.10
30.20
26.30
3.00
19.30
43.00
14.40
47.90
17.60
27.40
0.70
22.30
11.30
17.70
43.30
31.80
49.60
33.60
49.30
5.40
7.90
3.50
9.50
23.20
17.60
19.20
27.50
13.30
9.90
30.60
49.80
3.80
25.60
41.60
27.00
31.10
8.20
25.60
11.30
8.10
13.90
14.50
44.60
4.50
7.70
31.20
16.50
1.00
7.60
35.40
11.00
5.50
33.20
29.90
46.60
32.00
4.60
2.00
36.40
5.40
19.40
36.20
10.10
47.70
6.90
19.10
43.90
19.00
13.70
20.90
49.30
26.80
12.50
9.80
30.50
6.00
30.10
21.00
7.60
33.80
42.30
29.40
10.20
19.20
2.20
15.40
31.80
36.20
43.80
40.10
4.60
36.80
25.80
25.80
42.00
15.10
40.00
37.10
7.90
3.40
26.00
39.00
2.30
2.30
7.50
46.50
19.80
8.20
41.80
23.30
44.80
18.50
30.30
14.70
26.50
14.70
29.00
26.50
45.50
25.90
12.50
31.40
0.50
21.40
3.10
40.60
34.00
21.10
19.00
12.60
27.60
32.20
33.00
10.20
35.80
28.30
45.90
11.30
19.80
31.10
25.20
15.90
8.80
9.10
5.00
38.10
43.20
8.60
8.60
25.90
39.70
5.20
26.50
37.70
31.40
39.00
46.10
42.80
24.70
34.00
7.50
7.90
36.00
16.50
46.50
6.70
35.30
48.50
24.60
44.70
7.70
47.80
37.30
49.60
25.70
28.70
4.30
10.70
36.60
6.10
22.80
27.90
26.60
6.90
42.80
37.80
41.10
29.40
15.70
28.50
42.10
20.50
45.10
27.00
17.30
17.30
17.30
28.80
27.80
24.40
20.10
28.70
30.00
8.50
9.60
1.50
49.30
36.50
36.80
5.70
6.30
36.50
25.30
48.20
16.70
24.10
1.90
19.80
48.30
40.60
48.40
44.70
5.20
44.30
38.10
33.70
28.40
21.30
49.10
10.80
10.50
33.40
40.20
15.10
43.90
34.70
42.70
8.30
6.30
9.60
44.50
41.60
0.00
45.50
32.20
4.40
24.10
38.00
8.40
28.80
21.40
28.10
31.60
23.70
26.30
23.50
49.60
43.20
33.00
44.80
27.50
20.50
28.60
39.40
44.20
48.00
47.90
7.20
5.00
40.50
47.90
0.20
0.20
13.00
45.80
17.30
25.40
34.70
19.00
24.60
16.50
44.80
23.60
0.30
41.50
23.30
47.40
34.80
39.70
23.10
14.90
4.60
0.80
34.70
13.30
30.80
25.00
34.20
28.40
38.20
38.20
37.00
44.30
41.20
40.60
26.60
43.50
15.30
18.10
37.00
35.10
2.80
42.20
44.60
26.40
3.20
8.10
7.90
44.20
42.40
30.50
22.60
10.00
40.40
42.00
41.90
30.70
42.30
35.00
23.60
9.20
44.50
3.60
34.70
25.20
3.90
45.70
3.50
30.60
9.30
7.40
7.90
9.00
27.50
7.50
42.70
22.60
0.00
47.40
5.50
22.40
6.70
24.80
11.30
18.70
3.50
46.70
16.80
44.50
13.90
14.40
44.90
44.90
14.10
23.20
10.90
44.60
4.00
44.80
44.80
31.30
0.90
0.90
24.30
48.90
39.70
21.60
2.50
17.00
11.80
6.50
5.10
19.80
40.60
12.80
34.90
37.90
29.50
29.40
31.10
18.60
15.20
35.50
22.50
22.50
24.10
10.70
9.60
9.50
10.50
34.20
10.50
41.80
44.40
3.30
13.20
18.00
21.20
16.80
3.20
16.80
25.90
30.70
48.30
5.00
24.00
7.00
35.40
32.30
32.10
46.00
17.10
10.70
35.10
10.00
20.00
45.00
9.40
6.40
39.50
6.10
21.20
24.10
37.70
31.40
12.50
41.90
33.60
48.50
6.00
47.30
28.70
23.50
12.10
2.60
2.50
1.20
39.70
31.00
18.40
7.50
28.70
42.20
11.60
26.50
34.00
49.70
7.70
15.00
31.30
49.90
48.80
28.20
12.00
44.40
30.80
3.20
1.00
20.40
27.40
12.00
48.20
27.70
15.20
19.90
19.70
18.10
39.90
15.70
40.30
46.30
0.10
0.00
39.00
49.40
0.60
20.10
49.70
11.50
34.40
42.40
0.30
30.40
31.20
43.90
36.00
38.50
17.60
25.90
6.00
33.70
3.80
23.10
41.00
38.70
11.20
36.50
14.10
32.30
9.10
33.10
48.50
0.00
23.90
17.50
44.20
0.80
15.50
45.90
16.10
18.20
15.20
12.00
1.90
19.00
24.90
17.30
45.30
23.70
44.00
17.00
30.90
7.60
46.60
47.90
6.20
33.60
6.20
2.80
35.50
6.10
32.60
13.00
9.10
10.50
10.10
43.30
28.60
28.60
48.20
45.50
38.10
21.20
30.40
36.10
22.10
25.70
43.90
16.20
23.90
29.80
7.20
3.20
9.20
11.70
7.40
39.00
31.10
35.80
17.40
17.40
17.10
38.00
36.80
28.20
29.00
44.90
16.20
25.50
30.50
12.30
22.70
17.00
15.80
29.90
11.80
37.90
40.50
10.00
46.70
41.40
20.50
4.40
33.80
48.40
14.40
24.10
10.50
7.10
36.30
11.30
9.00
48.20
41.90
21.40
42.60
48.20
39.20
34.50
27.60
34.30
22.60
15.80
41.10
44.60
33.00
23.70
29.50
4.10
10.90
22.30
34.70
44.00
24.40
18.20
1.00
38.00
44.70
29.40
46.20
47.20
20.00
24.40
25.70
46.90
12.20
1.90
11.30
3.60
38.10
21.50
13.30
37.70
9.50
44.50
14.30
14.30
21.90
9.50
15.90
5.60
33.10
21.30
24.20
20.10
28.70
11.70
34.30
25.00
29.70
7.40
11.90
5.90
17.70
46.40
28.40
25.60
17.40
34.50
26.90
48.40
31.00
33.70
16.70
28.10
4.70
7.10
7.20
17.20
37.70
40.70
5.50
10.60
4.00
17.60
44.80
29.90
29.90
11.60
0.20
44.20
31.70
13.40
2.40
16.40
11.90
39.50
39.20
14.30
30.60
30.60
30.90
32.20
12.90
19.00
28.10
45.80
33.80
27.60
20.00
38.30
38.30
27.30
15.70
20.90
14.00
25.10
25.10
18.70
11.10
36.80
24.10
18.70
49.40
43.70
13.70
19.80
37.30
0.70
3.50
7.20
10.80
31.10
18.60
5.50
2.10
33.30
40.70
18.40
37.80
4.70
7.90
24.50
17.00
22.90
43.50
13.60
36.80
27.70
31.20
26.00
26.90
14.50
8.30
12.30
42.10
4.00
5.80
37.60
17.10
14.50
23.60
23.60
43.90
8.90
46.00
4.80
1.50
39.70
3.80
2.40
26.20
35.00
0.90
23.70
7.80
38.80
44.90
17.80
28.00
16.80
41.10
11.90
14.70
12.30
2.10
23.80
0.20
17.60
23.20
49.60
14.00
34.70
17.70
17.60
36.80
23.30
3.90
47.10
45.60
39.30
16.10
5.70
7.00
10.30
33.50
19.30
38.70
18.70
23.70
3.70
28.10
27.30
40.40
21.80
30.90
15.30
36.50
40.80
38.10
46.20
34.40
45.30
41.10
1.70
49.00
33.50
48.70
27.10
14.70
22.90
48.60
27.60
27.60
43.80
18.70
27.70
10.10
49.10
39.00
14.60
10.20
37.20
36.60
27.30
3.70
8.70
26.90
38.40
44.40
3.30
14.60
48.80
15.30
20.40
49.40
10.60
12.30
30.40
33.00
39.70
6.20
7.40
1.60
40.60
33.20
16.90
14.40
3.40
5.90
13.80
31.90
25.60
10.20
46.60
6.30
40.00
2.00
37.60
36.60
19.00
38.10
48.10
37.20
29.10
28.80
4.00
4.00
8.20
21.20
10.50
44.80
19.20
20.00
36.00
29.50
15.50
45.30
17.80
28.40
11.10
8.00
18.80
9.70
29.30
20.90
18.80
18.20
7.10
40.10
26.00
34.80
34.80
30.90
29.80
12.70
39.70
45.70
28.20
27.20
1.80
17.10
6.70
13.70
6.10
9.90
44.50
24.60
41.80
41.90
32.10
45.10
6.80
2.70
22.20
30.30
49.60
39.30
25.70
32.40
12.80
31.50
26.30
12.40
18.60
40.50
18.60
2.30
3.20
43.00
42.80
25.50
9.80
28.10
42.90
26.80
20.70
5.00
23.40
4.60
21.60
14.70
18.10
36.40
48.60
6.10
10.50
35.40
17.80
35.40
35.60
48.20
6.30
4.40
27.40
6.70
3.90
47.60
37.00
41.90
19.20
22.00
5.20
13.90
13.60
13.60
31.50
15.20
16.20
17.70
15.00
35.30
5.70
14.90
20.50
21.90
21.90
14.30
11.90
11.90
5.20
31.10
11.00
12.10
9.80
31.00
38.60
10.50
36.10
37.70
44.40
11.10
29.90
40.10
13.70
46.00
14.30
12.10
46.10
30.10
6.20
6.20
20.30
3.40
35.60
3.60
25.70
18.80
34.40
29.90
1.60
39.80
37.60
41.80
39.50
23.30
21.40
6.30
28.60
5.50
35.50
7.70
48.30
39.40
19.80
27.40
44.10
5.50
42.50
43.70
11.20
2.30
8.20
16.60
5.80
34.20
1.10
18.90
4.60
21.00
47.10
21.00
20.30
13.10
19.70
8.10
34.90
23.50
30.00
23.20
21.60
49.30
30.90
15.50
25.10
45.60
42.30
27.20
8.80
19.00
43.70
47.60
34.00
10.80
19.50
11.90
29.30
3.00
16.10
3.30
26.10
23.80
47.00
17.00
38.10
0.30
0.30
46.40
0.00
15.20
4.10
34.80
38.60
20.70
17.90
22.00
10.40
10.40
0.90
17.20
41.80
33.20
5.30
45.40
35.40
43.60
49.30
24.00
9.00
9.20
3.10
14.30
47.00
15.80
18.90
30.60
27.70
18.30
48.50
2.10
12.80
37.80
28.90
16.40
29.30
33.60
35.50
26.30
7.40
38.90
17.50
25.80
18.80
40.20
14.80
15.40
46.50
46.50
13.50
48.20
49.80
11.90
36.10
33.20
41.40
42.50
23.60
8.30
7.50
36.50
23.30
30.90
35.40
38.00
38.00
20.70
38.40
15.60
14.10
5.80
40.20
45.50
45.00
42.80
37.80
14.40
20.70
21.10
21.10
28.80
45.30
5.10
49.30
36.70
46.10
46.10
6.30
17.90
12.90
8.10
46.70
44.80
45.80
28.50
3.50
18.80
28.10
9.60
43.90
3.60
10.30
8.20
44.30
9.30
38.70
15.10
3.40
8.20
13.60
4.20
32.30
14.60
35.70
9.40
15.20
8.90
7.00
36.20
1.00
49.80
21.70
11.80
34.40
14.10
43.50
40.20
23.00
28.20
20.50
45.60
47.50
23.60
40.30
46.50
35.00
2.70
28.20
33.30
42.20
19.50
13.20
47.50
6.00
2.00
36.60
36.60
25.10
33.30
7.50
10.90
29.20
29.90
44.30
8.20
43.20
38.20
41.40
5.70
9.80
38.30
49.00
11.60
43.50
43.00
39.00
27.30
47.70
29.10
45.70
4.50
18.20
6.00
5.40
26.40
31.90
48.30
49.10
20.80
39.90
10.60
37.70
49.50
6.90
6.90
48.60
42.70
7.60
14.50
39.40
19.70
32.60
26.90
19.80
46.40
8.50
40.50
16.30
2.00
8.00
20.90
34.80
20.00
4.00
35.70
17.40
17.60
42.60
46.70
24.60
21.30
8.90
3.10
17.00
46.30
49.60
35.30
19.20
9.10
9.10
39.50
27.50
43.80
35.20
36.70
7.30
41.60
49.70
2.00
29.80
6.90
21.20
35.60
33.00
29.30
17.90
23.60
34.00
34.00
20.00
45.60
37.80
21.60
41.50
25.50
31.30
13.90
1.30
41.00
10.60
10.60
22.80
25.50
5.20
11.50
0.90
22.30
19.00
41.30
44.90
31.60
24.20
2.10
2.10
3.40
35.50
12.10
19.80
4.80
0.30
28.00
41.40
24.30
34.10
22.20
3.70
48.20
0.90
35.60
24.50
7.20
2.20
27.20
34.50
41.60
21.10
16.50
29.60
5.80
28.50
15.90
33.10
29.80
37.40
7.30
44.20
6.80
36.40
19.70
46.50
5.70
31.10
33.30
14.70
46.90
2.70
41.30
27.60
10.20
23.20
31.10
40.40
0.60
12.10
9.10
20.30
39.70
39.70
48.30
32.70
38.70
37.30
1.30
17.80
21.70
24.70
11.20
14.90
49.80
6.80
37.40
3.80
25.80
11.10
49.00
25.40
12.60
22.20
41.30
35.60
33.70
45.90
49.20
37.90
43.70
12.00
8.50
15.10
43.50
6.60
43.50
6.60
49.80
41.60
3.60
45.60
48.40
5.20
3.80
9.90
14.20
37.30
20.20
14.20
11.30
11.30
21.50
35.60
30.10
37.70
44.50
22.60
29.70
8.50
5.70
20.20
41.30
38.80
14.30
34.40
18.70
21.80
41.00
10.40
23.60
3.50
45.60
34.80
31.50
39.60
28.90
38.90
45.30
40.90
43.80
34.70
47.40
15.50
16.40
22.70
11.80
4.20
46.10
40.00
9.70
15.80
43.50
43.50
48.10
12.40
20.60
34.80
30.20
19.40
19.40
43.10
12.50
38.40
15.40
26.10
5.10
2.20
25.20
3.70
13.00
29.70
40.20
29.70
9.50
48.20
48.20
34.00
8.40
40.60
7.80
3.80
26.60
12.10
12.20
47.90
35.40
18.40
10.30
36.40
30.70
30.70
30.70
34.60
1.20
39.00
25.20
42.00
43.80
9.00
49.40
13.30
11.90
28.80
44.50
29.00
15.80
22.80
30.80
31.90
41.90
30.70
42.20
15.90
42.20
47.20
28.50
25.70
25.70
20.80
14.10
22.80
45.70
16.50
0.10
9.30
2.30
9.70
42.90
24.10
1.20
40.90
41.50
15.00
14.30
11.00
31.60
3.60
13.40
15.70
26.90
19.70
6.60
49.40
1.20
5.30
15.80
6.80
3.40
42.50
38.30
5.80
10.70
9.90
32.50
16.60
38.90
39.00
5.90
45.20
2.50
24.00
15.10
29.80
43.90
49.60
48.90
22.80
19.10
19.10
4.80
29.00
1.30
44.90
41.10
6.40
18.10
9.20
39.40
12.10
25.20
43.60
36.20
21.40
45.80
34.30
25.60
45.20
31.10
23.00
32.10
3.60
0.80
47.90
23.80
46.80
46.80
4.30
20.10
31.60
0.20
26.10
5.90
17.10
45.40
20.90
27.40
11.90
14.40
47.10
27.20
42.60
26.90
11.60
22.90
23.20
44.10
32.20
34.00
27.30
40.00
27.30
44.60
1.80
41.50
49.90
44.70
10.20
20.60
19.20
17.80
4.10
35.60
15.70
15.70
24.90
39.30
39.30
23.10
11.00
2.10
18.00
46.50
27.60
48.70
44.10
44.10
34.50
28.90
4.00
28.80
11.60
20.80
31.20
6.50
33.30
37.30
38.90
38.60
47.60
20.40
13.60
21.30
13.30
23.60
31.00
30.40
9.20
4.40
3.20
16.50
17.00
10.20
49.40
19.00
15.50
7.20
15.00
32.50
6.70
42.50
40.10
24.20
9.70
34.30
1.90
16.00
9.40
22.30
11.50
20.40
16.40
29.90
10.20
25.00
34.30
10.60
43.80
46.90
19.40
32.90
43.20
28.30
8.50
29.20
2.90
18.00
18.50
18.50
7.40
1.20
43.60
6.20
2.10
23.60
36.00
22.20
11.30
18.10
1.60
25.80
46.20
36.10
48.30
24.70
19.30
40.70
25.30
1.10
37.80
49.10
24.20
14.00
4.80
21.20
27.20
37.10
49.80
0.60
15.70
48.80
43.30
21.20
6.80
9.80
5.90
7.20
43.00
45.70
16.70
39.20
45.80
11.80
37.80
16.10
10.30
20.20
38.80
38.80
36.60
31.10
24.80
46.90
44.70
44.90
15.50
44.80
2.70
33.10
18.10
37.70
45.00
34.40
34.40
0.10
2.70
39.60
45.90
24.00
4.70
27.00
33.70
22.50
24.00
16.20
2.80
15.70
15.70
11.60
32.60
39.80
6.70
36.70
29.80
28.70
28.40
41.40
38.90
34.60
8.70
47.70
26.40
11.50
18.80
2.40
4.60
2.40
23.80
18.70
49.00
49.00
28.70
9.70
31.80
21.20
11.50
39.30
28.80
36.70
45.50
9.10
9.10
45.40
11.60
34.80
44.30
1.40
2.00
46.50
23.30
28.90
36.00
12.50
5.10
35.10
33.60
49.70
39.60
27.80
19.00
3.90
39.90
42.10
16.20
48.80
26.60
35.00
25.60
32.60
32.60
25.90
17.10
10.20
48.70
48.70
5.70
0.60
0.10
11.50
28.80
28.80
11.40
11.00
29.60
16.40
33.10
36.60
7.10
7.90
34.50
15.00
37.60
38.40
19.40
48.00
48.00
22.60
38.40
20.50
49.90
40.10
18.50
20.60
22.70
1.40
9.60
3.40
35.00
33.90
0.10
10.90
36.90
27.90
3.00
4.00
32.00
6.30
16.60
26.60
29.40
45.00
31.30
33.30
3.70
25.90
18.00
23.20
44.90
44.90
6.70
38.10
12.30
6.80
33.40
47.60
47.60
1.60
30.50
20.20
39.10
9.00
38.30
10.80
2.20
24.90
30.20
25.90
49.60
49.60
42.10
24.90
5.30
44.00
32.80
3.00
7.90
25.90
47.80
3.70
39.00
10.30
26.60
25.40
13.10
21.10
45.00
1.50
6.60
5.10
0.80
36.60
0.90
0.90
36.60
49.30
20.90
20.80
39.50
32.50
6.70
31.40
11.00
6.00
43.80
4.50
22.60
22.60
23.80
17.80
24.60
17.90
18.20
18.80
2.80
30.30
39.80
24.70
33.90
33.10
38.90
13.90
13.90
41.50
19.20
11.60
21.00
13.90
45.50
14.00
7.70
26.50
3.40
3.70
36.50
10.70
46.70
44.90
10.60
10.70
31.10
16.30
30.30
39.30
38.10
13.10
33.40
41.20
17.00
43.20
20.90
36.70
27.00
28.70
35.80
4.00
2.50
3.30
32.50
18.80
49.80
30.00
21.70
4.90
44.40
18.70
23.10
27.10
5.60
41.00
19.70
18.40
37.20
37.20
28.10
10.00
15.80
15.80
32.90
0.20
1.70
29.10
19.70
21.60
22.80
25.40
28.50
28.50
2.10
31.30
48.20
19.20
1.40
33.90
5.20
14.00
0.10
10.10
43.60
13.50
49.40
34.20
22.50
6.70
1.10
28.20
24.20
22.70
23.30
20.50
34.20
46.10
4.30
22.70
20.10
34.80
5.10
23.80
36.60
41.20
0.50
40.90
26.00
42.10
30.60
30.60
36.60
44.00
4.10
28.20
1.60
22.20
3.30
39.60
32.60
49.40
40.90
0.70
18.90
17.00
37.60
36.30
47.60
47.60
31.20
36.10
20.10
6.00
41.80
30.10
15.80
2.50
25.80
0.50
39.90
1.90
5.60
20.40
26.50
42.10
32.00
9.60
11.70
36.30
1.90
38.30
33.80
14.00
9.90
23.50
32.00
26.30
39.20
23.70
6.00
47.30
49.90
28.20
22.60
10.60
17.30
33.40
13.80
33.40
45.80
36.70
25.50
42.50
30.30
38.80
2.70
36.80
2.80
6.60
40.30
20.90
47.10
35.00
35.00
27.40
6.80
7.00
31.90
46.50
13.80
13.80
12.40
19.80
6.50
34.50
41.40
37.60
15.30
2.10
19.70
42.00
31.40
9.10
5.10
16.10
48.30
46.30
3.20
25.50
22.40
47.60
39.90
35.10
34.70
47.50
33.30
22.40
5.50
14.10
41.00
38.10
11.20
49.80
43.50
40.20
35.50
19.20
39.30
3.60
5.90
32.40
35.60
7.80
27.70
5.60
3.00
0.10
13.30
15.60
18.60
49.00
35.90
39.50
39.50
27.40
10.40
49.30
27.90
46.30
46.30
14.60
44.20
49.00
48.10
47.70
47.70
0.70
39.30
23.30
27.90
40.60
24.50
27.30
24.50
39.50
15.90
20.40
8.40
18.60
10.60
49.40
46.60
15.50
33.40
27.80
0.70
38.70
45.60
12.80
38.70
13.70
48.80
7.00
29.00
35.10
36.70
38.10
3.70
39.20
24.70
47.10
25.00
36.90
20.00
44.80
40.50
37.10
42.50
18.20
46.10
15.40
0.70
0.40
46.20
32.70
9.10
48.40
10.70
26.30
19.70
43.40
5.50
36.40
41.50
5.60
11.30
0.70
47.80
37.80
48.60
27.70
30.10
22.30
40.00
17.20
15.90
45.70
9.40
17.70
29.40
40.10
27.30
28.50
4.60
6.70
41.00
44.30
18.90
7.70
47.70
26.40
13.60
47.90
22.30
29.50
49.40
49.40
24.70
27.00
2.20
13.40
8.50
10.50
25.60
8.10
7.00
48.80
27.00
30.90
1.40
16.60
16.30
16.30
24.70
43.10
19.70
42.20
9.20
4.70
1.40
5.50
39.80
25.70
41.60
34.10
46.10
5.80
9.90
43.30
7.40
17.30
37.00
39.40
39.20
39.00
6.80
17.10
3.60
12.90
1.10
27.80
6.60
11.70
6.00
14.40
26.70
20.80
19.40
10.50
20.20
5.50
25.40
2.50
2.50
33.50
24.70
11.40
14.70
37.50
48.40
0.80
37.50
13.60
33.70
37.80
16.80
3.00
21.50
11.80
24.00
46.30
41.00
28.80
38.60
34.70
34.70
28.20
31.20
9.80
42.70
34.70
36.60
24.00
5.40
30.50
2.60
20.40
29.40
48.20
24.20
22.60
45.10
29.10
29.10
35.50
18.10
33.80
13.60
49.60
4.00
48.10
16.20
20.70
38.40
36.30
25.40
38.90
22.60
22.60
9.20
35.20
9.70
43.90
44.30
19.20
28.00
27.10
8.60
37.10
32.70
10.30
5.10
1.10
38.00
48.80
32.10
39.10
49.40
6.00
24.10
24.10
16.70
17.20
38.10
11.20
44.70
49.40
2.70
49.30
5.90
19.70
1.30
44.40
43.90
8.20
5.20
35.60
35.60
38.10
30.30
15.50
46.50
6.90
48.10
4.00
20.30
31.30
1.30
3.30
42.40
47.40
6.10
36.40
29.90
25.20
2.10
12.90
47.40
37.00
44.40
30.20
37.80
48.30
9.60
46.50
38.40
13.30
1.90
8.00
4.30
0.50
33.10
40.50
19.10
16.60
37.50
37.20
22.50
38.40
37.50
5.10
42.20
23.50
47.20
15.50
21.80
33.40
2.90
32.30
4.20
8.90
8.90
44.50
35.40
30.40
23.20
48.70
5.50
5.50
18.10
0.60
8.30
30.40
40.70
35.80
49.70
48.80
29.90
36.00
33.20
32.00
26.20
18.80
8.70
38.40
17.40
27.00
22.20
43.30
30.70
49.30
14.80
14.80
27.70
16.90
25.10
21.10
14.20
15.40
0.50
28.60
47.20
24.90
11.50
14.00
24.90
17.20
17.80
45.60
46.10
49.80
8.10
8.10
30.20
20.30
0.80
43.80
43.80
14.40
7.80
10.10
10.10
26.00
5.50
33.00
3.20
26.40
14.40
6.10
28.20
12.10
23.20
13.20
8.40
34.20
32.70
40.50
6.30
17.00
28.00
29.00
10.30
41.20
24.60
6.10
22.40
22.40
45.30
14.10
4.00
38.30
10.80
25.90
22.00
42.70
1.40
20.30
46.30
44.20
38.00
6.30
46.60
39.50
29.00
9.20
39.70
49.70
13.50
24.30
9.20
29.40
29.40
42.40
5.90
37.20
33.60
23.20
38.50
38.10
11.60
18.60
6.60
21.70
33.10
7.80
24.70
37.00
18.30
42.50
12.80
8.40
28.10
9.40
46.20
17.60
46.00
5.80
16.30
16.30
33.00
14.00
26.10
26.60
43.10
22.30
26.80
35.10
33.90
14.70
11.80
36.60
2.00
12.60
1.50
49.10
14.20
35.30
46.00
21.20
17.70
25.60
0.90
42.70
10.60
28.00
23.30
34.30
11.30
42.40
44.10
1.40
31.90
25.20
32.50
6.30
33.50
13.70
13.70
43.20
44.10
41.50
8.10
13.40
43.60
13.40
19.70
17.90
5.80
44.90
31.10
23.30
12.60
27.30
41.40
32.60
9.50
38.80
13.50
41.20
46.40
17.50
12.10
27.10
25.40
7.30
28.00
10.00
10.00
4.10
9.40
9.40
9.40
8.10
37.90
37.90
15.00
2.20
20.30
30.90
3.40
37.80
37.80
23.10
18.90
9.30
45.80
11.10
11.10
25.60
24.60
13.60
23.10
20.60
24.90
21.10
35.90
18.30
45.80
0.50
12.70
26.90
27.50
13.90
10.80
29.10
21.70
46.90
1.80
15.20
29.40
36.70
37.50
0.50
0.80
18.00
38.30
14.20
23.50
36.50
25.20
22.90
35.30
29.00
2.50
19.20
35.10
27.50
15.60
29.70
32.30
48.40
32.40
9.70
14.20
45.90
12.30
9.40
7.00
10.50
2.50
28.90
12.50
18.50
27.90
34.10
15.60
13.30
26.60
20.50
11.10
39.90
5.60
45.10
24.50
45.60
38.70
14.80
49.70
11.30
39.00
29.70
29.20
3.50
3.50
8.70
29.90
30.20
39.90
47.90
22.30
14.70
3.90
22.20
46.00
23.70
27.10
45.80
1.00
5.10
48.40
47.60
17.90
30.40
2.90
10.00
14.70
4.40
27.00
1.00
49.70
8.00
48.80
22.50
0.50
22.30
30.90
29.70
43.40
43.40
3.20
42.00
12.00
17.40
0.80
3.40
3.40
9.90
43.10
25.60
8.80
39.60
38.40
19.00
10.10
8.40
46.70
48.40
11.30
10.00
13.30
44.40
44.70
9.00
13.00
15.60
47.50
39.90
44.90
37.80
41.60
26.50
3.10
22.60
12.00
4.60
49.50
8.70
0.70
5.90
27.70
31.10
31.10
9.30
38.50
28.20
15.30
14.30
3.70
24.40
7.60
41.70
32.60
45.10
26.60
49.10
12.90
5.60
21.70
9.30
26.50
9.70
38.60
12.80
6.10
20.20
2.40
32.40
42.60
45.00
15.20
2.30
2.30
48.60
21.60
37.90
31.30
37.80
38.80
19.90
10.80
22.30
23.50
36.40
48.60
17.00
28.50
47.90
5.60
9.20
7.40
21.50
21.50
25.80
22.70
19.20
19.20
16.30
29.80
18.20
30.50
30.50
46.70
25.90
10.20
25.10
31.00
39.70
13.30
0.60
8.60
35.50
1.10
42.40
4.30
5.10
49.90
13.70
10.60
38.10
18.40
27.10
10.20
20.40
24.10
12.60
33.70
2.10
0.90
34.80
34.80
48.90
40.00
46.10
5.00
19.00
2.70
49.50
41.80
8.00
8.40
32.70
44.20
25.70
8.10
3.40
15.20
10.90
35.30
10.30
9.50
41.20
43.20
30.80
29.40
9.00
26.90
8.00
8.00
6.60
21.80
2.60
13.60
7.30
15.70
14.10
11.50
22.00
29.00
36.30
43.30
36.30
20.70
27.80
1.60
0.40
35.50
36.50
24.10
26.60
22.20
42.10
14.40
28.20
24.90
33.80
31.30
27.10
46.20
38.30
47.60
18.00
12.20
11.40
7.20
14.60
28.90
37.70
19.80
16.80
23.40
19.50
23.40
16.60
12.30
36.40
6.90
14.00
10.80
33.30
20.10
4.20
30.90
4.30
41.00
5.60
38.20
26.10
26.70
29.20
19.20
32.70
24.00
10.60
46.10
10.40
47.60
26.70
20.90
3.00
0.00
47.10
8.70
9.60
27.00
29.90
38.00
23.60
45.10
23.50
19.80
34.10
42.90
0.70
37.40
24.80
4.70
10.10
20.50
26.60
33.80
27.00
18.00
4.30
39.30
38.10
9.10
30.30
45.90
44.50
30.60
41.60
31.00
45.10
5.90
12.60
46.10
38.80
37.50
41.10
37.70
46.40
16.60
25.20
14.90
14.90
29.40
35.30
48.50
44.10
28.90
48.00
31.20
19.60
11.80
5.50
13.80
28.90
27.10
13.50
44.10
16.00
3.50
16.90
7.40
0.30
6.20
48.00
31.80
47.60
18.80
43.00
13.60
30.40
22.70
39.40
26.60
48.30
0.50
23.60
24.20
42.20
25.10
1.50
24.40
15.20
41.60
25.90
25.90
33.70
0.00
39.40
33.00
11.70
33.90
45.10
40.10
24.10
43.90
33.10
13.70
29.60
13.30
11.10
42.90
27.70
17.40
20.10
7.60
10.00
14.40
46.30
12.80
21.40
33.20
8.40
0.30
25.40
21.90
22.60
13.80
16.20
3.10
1.80
42.00
40.60
22.80
29.10
37.40
34.50
45.70
25.60
26.20
10.90
44.80
44.40
39.90
18.80
20.40
1.40
40.70
8.80
4.80
49.10
35.70
3.10
23.70
48.10
4.80
31.20
39.60
31.30
9.20
32.00
1.00
42.30
22.60
33.50
39.90
6.90
46.90
42.30
10.10
29.10
2.20
44.10
33.70
9.90
20.10
35.30
46.40
26.10
1.40
41.80
8.90
23.10
12.80
8.20
6.70
8.20
23.10
10.20
26.90
10.60
24.30
33.30
38.20
5.40
9.50
10.50
45.90
36.80
1.90
18.30
42.00
42.90
1.10
5.70
25.70
24.30
12.10
16.30
5.40
46.10
16.80
0.60
35.60
25.20
13.50
27.70
41.70
13.50
1.80
1.00
11.20
3.40
25.90
46.20
25.30
27.70
19.00
27.10
42.50
14.80
36.50
39.00
16.60
36.20
44.60
33.60
44.60
21.00
48.30
42.40
48.90
40.30
30.70
9.40
13.50
47.50
12.10
47.60
48.00
14.10
32.80
17.50
31.20
13.90
13.90
28.90
30.80
15.30
7.10
37.70
25.10
14.70
15.20
20.70
17.30
41.70
13.00
34.20
0.60
2.40
34.50
42.60
6.20
18.20
25.70
18.70
35.80
6.10
35.20
14.70
2.00
16.40
20.60
16.30
45.10
6.80
19.00
12.60
32.10
32.50
0.70
26.00
28.70
30.00
29.50
4.00
24.90
1.60
43.60
12.80
35.40
35.40
6.30
17.60
28.70
4.00
17.90
12.70
28.80
33.60
5.10
42.70
20.20
16.30
41.10
16.30
20.30
36.20
29.50
19.80
25.10
15.40
39.60
27.70
43.00
34.90
36.80
14.80
16.80
40.00
25.60
38.60
16.90
0.50
30.50
19.30
15.80
7.20
36.90
8.80
5.20
5.20
8.10
3.50
23.00
4.00
20.00
10.20
5.90
7.30
49.00
49.60
38.90
38.90
7.50
44.50
10.40
4.90
32.40
17.80
28.30
17.90
29.50
24.30
12.70
3.30
32.20
40.40
4.60
25.90
43.20
41.70
4.20
7.80
6.40
24.70
10.50
19.10
43.70
13.50
9.90
4.20
28.50
4.70
15.60
4.20
8.90
34.20
15.70
14.50
45.80
2.90
9.20
14.10
44.90
26.60
40.00
11.70
23.60
34.80
21.80
9.50
15.50
44.10
28.80
17.30
3.30
20.70
40.00
19.50
35.60
35.60
24.10
40.30
25.70
12.60
17.80
34.00
37.60
40.30
29.40
14.00
27.90
5.30
11.20
27.30
0.00
28.80
30.80
31.80
15.10
28.80
28.80
43.10
3.70
29.60
29.50
9.80
22.00
7.40
29.50
7.00
17.90
30.30
47.50
44.60
7.70
5.00
29.90
33.50
26.90
5.30
9.50
10.20
39.40
26.70
30.50
48.80
8.10
48.60
3.80
3.80
47.00
9.60
26.70
14.50
22.50
7.00
24.40
45.70
23.50
38.80
17.30
46.00
24.90
44.80
26.60
31.20
31.20
17.20
24.60
17.20
3.40
17.10
30.00
42.50
42.50
31.00
13.50
43.20
15.70
14.50
9.40
1.70
24.00
12.10
8.80
38.30
11.70
30.00
30.00
30.70
21.10
7.00
24.60
1.30
17.60
34.80
47.00
6.90
18.30
31.20
27.50
20.80
39.30
14.70
38.90
26.60
23.20
5.60
35.60
12.20
19.10
10.60
12.60
18.60
8.90
18.80
5.40
36.00
4.70
42.00
32.50
3.90
6.80
11.40
23.10
0.80
34.00
7.90
29.60
39.00
18.80
6.20
31.80
25.80
36.00
49.10
30.40
29.50
43.10
32.80
41.50
16.60
33.20
4.90
35.70
35.70
22.70
32.10
1.00
7.90
15.70
18.30
45.90
45.90
24.10
36.70
15.40
13.90
33.50
33.50
0.30
49.20
17.90
47.30
20.00
10.00
21.10
27.50
45.70
9.30
19.50
14.30
14.70
14.70
25.20
21.60
5.90
45.20
48.90
20.00
0.30
35.30
19.50
10.40
24.30
19.30
29.10
3.20
43.40
36.20
4.60
48.60
36.60
41.90
4.70
35.80
25.80
24.30
5.10
3.10
43.40
15.00
47.10
15.70
0.50
32.50
48.80
25.60
39.50
16.00
6.00
13.80
15.50
41.70
12.40
5.00
36.50
49.20
19.60
45.90
37.20
22.60
30.60
4.40
27.50
46.00
23.90
7.70
14.30
33.00
2.70
5.40
28.40
22.40
25.60
31.70
29.00
11.70
1.00
7.20
42.70
1.10
47.30
45.40
14.60
38.40
16.90
34.50
41.60
21.70
13.00
36.50
29.90
1.40
33.80
2.60
2.20
3.70
11.00
10.80
23.50
37.00
2.30
32.90
19.30
21.20
24.40
45.90
25.80
33.80
16.30
33.30
1.40
14.60
17.70
3.50
40.70
47.30
20.60
1.60
42.90
43.30
49.70
43.40
25.20
19.80
16.50
20.10
20.10
6.00
13.50
31.50
38.60
34.60
34.00
13.40
30.80
43.30
16.00
7.10
11.00
0.90
11.00
0.90
47.50
11.00
15.90
29.70
16.20
22.80
20.10
36.40
18.70
38.50
23.70
31.20
46.80
14.00
17.40
11.70
34.70
26.20
32.00
32.00
25.10
17.90
6.50
13.10
13.70
41.70
42.70
32.50
33.40
20.80
27.80
23.40
34.60
35.30
26.20
37.90
37.70
24.30
24.70
27.70
18.60
37.30
24.00
1.90
12.60
23.50
13.50
41.90
16.10
41.90
16.10
19.40
41.70
2.30
45.50
12.70
12.70
36.80
27.30
47.00
27.30
21.40
15.20
38.60
38.40
23.60
11.20
18.60
4.70
6.70
47.40
29.80
29.80
24.60
20.30
39.40
20.30
7.90
39.40
13.40
19.60
43.20
3.50
21.40
27.00
16.40
14.70
22.30
28.70
12.80
12.70
7.40
28.00
21.20
25.80
26.10
13.80
5.00
38.70
37.30
29.20
42.90
1.00
7.60
44.60
12.70
21.80
0.50
33.30
30.50
32.30
8.00
33.30
2.80
44.00
1.80
46.90
8.70
42.50
31.10
7.90
33.10
41.90
41.10
28.30
47.10
7.50
22.80
1.60
28.50
20.40
5.00
4.50
19.90
34.80
29.10
9.10
27.00
21.60
31.20
30.20
27.80
48.20
48.20
32.70
48.80
12.20
14.90
39.60
41.10
14.50
41.00
23.00
13.50
30.50
20.20
36.70
32.20
7.60
13.70
7.90
2.90
27.10
0.70
7.40
44.00
25.60
31.90
0.40
16.50
16.50
34.90
45.20
43.10
35.70
34.10
45.30
34.60
44.10
38.50
15.50
23.40
38.50
8.20
23.40
35.90
21.50
17.10
10.10
40.30
20.10
45.90
6.80
17.00
6.10
8.70
48.30
39.90
17.40
26.30
31.80
34.00
13.70
1.90
30.20
9.70
25.50
21.90
32.50
9.70
17.10
25.30
32.80
34.40
29.10
31.80
26.00
48.10
29.80
13.60
21.80
10.10
24.30
16.00
49.10
46.20
6.20
34.20
47.60
40.00
40.10
28.40
20.30
12.40
37.20
8.20
49.70
12.40
19.60
43.60
39.20
43.30
9.00
34.90
30.30
22.40
3.80
32.60
18.80
12.90
12.90
12.90
13.60
13.20
23.80
25.70
17.00
30.60
35.90
35.90
38.50
0.50
9.40
32.40
27.30
27.30
17.60
17.10
47.10
25.20
24.70
41.10
20.80
15.70
42.30
39.10
48.40
31.90
14.70
14.70
32.80
18.00
14.40
21.70
40.60
23.30
12.40
8.10
1.50
0.30
31.20
23.30
25.30
7.30
27.30
41.90
33.40
0.10
42.80
9.00
39.10
7.60
14.60
39.60
11.30
12.70
25.40
18.70
7.60
30.50
29.50
2.90
33.00
0.80
25.80
18.70
39.60
31.40
43.30
14.60
11.70
5.40
42.80
46.40
33.10
29.20
49.60
17.50
38.80
26.70
43.00
34.30
34.30
32.40
2.20
17.40
6.50
16.80
20.80
20.80
37.10
0.60
48.80
22.50
25.30
38.90
12.00
31.50
49.20
49.20
13.80
44.30
40.10
4.60
23.50
24.40
32.80
28.00
34.00
43.50
14.70
35.50
7.40
2.10
11.50
0.00
45.60
37.70
18.90
32.00
4.40
18.60
14.60
25.30
19.70
39.20
31.30
12.70
28.30
28.30
26.80
3.90
34.70
34.70
1.60
34.80
38.80
44.60
33.10
17.80
18.70
14.60
26.40
1.40
8.80
25.60
49.70
15.70
8.00
15.10
48.50
24.30
41.50
5.80
15.90
45.60
10.20
32.10
27.30
2.50
12.10
39.50
40.30
33.50
17.30
2.60
38.00
7.50
38.00
8.20
29.10
29.30
40.30
46.50
48.50
46.50
8.20
25.00
6.10
30.60
23.40
5.90
38.50
43.80
14.20
11.70
41.70
34.30
35.00
38.00
0.20
10.00
13.70
21.50
7.40
39.10
39.80
26.40
27.90
41.20
34.40
34.90
26.60
25.10
5.10
0.90
27.00
8.80
7.50
22.60
5.30
9.40
31.50
47.40
42.30
26.50
10.20
44.60
9.30
16.00
26.40
27.70
2.70
21.90
4.90
22.40
11.20
32.60
21.50
23.60
14.90
28.70
20.30
11.90
32.80
8.80
14.60
6.30
6.40
44.30
45.00
19.40
43.40
14.30
0.30
15.40
0.30
15.40
5.10
33.60
2.00
0.50
3.00
43.60
28.30
42.80
41.60
5.30
23.20
2.30
41.00
32.90
25.60
1.40
12.40
34.70
36.40
38.30
13.70
10.50
17.80
36.20
4.60
13.60
2.30
35.80
1.50
31.50
22.20
48.60
14.30
13.20
39.70
40.80
6.00
24.20
3.50
42.40
46.80
5.70
21.20
9.20
44.40
28.40
28.40
44.40
38.90
36.40
36.00
27.40
33.60
20.80
2.70
6.90
30.20
44.00
5.50
3.50
29.40
35.60
49.60
19.10
47.90
47.80
38.90
12.70
14.90
17.80
9.40
48.40
19.10
35.90
42.50
47.20
48.60
21.20
43.70
2.70
4.90
46.70
41.20
7.10
44.00
24.20
41.20
46.90
44.90
13.20
34.00
48.50
48.90
26.60
48.00
21.50
34.40
14.00
14.90
2.10
2.80
48.20
24.30
18.60
15.10
31.80
32.00
24.90
15.80
43.10
46.80
40.80
38.90
23.90
22.40
34.00
38.30
43.00
36.80
37.50
47.60
16.60
22.70
29.60
37.00
24.70
17.60
21.90
21.30
24.80
44.40
48.70
17.20
10.20
9.50
25.30
40.20
20.50
35.70
35.80
8.40
48.60
23.20
11.70
0.50
20.00
24.00
26.70
42.40
13.10
13.10
9.50
49.30
47.50
39.40
1.90
1.90
1.90
35.50
8.10
15.50
17.90
0.20
47.30
0.30
34.50
38.30
17.20
5.70
48.70
32.50
47.10
19.20
2.00
10.90
31.10
24.30
27.00
43.80
34.80
29.20
40.60
20.90
16.50
11.90
49.80
18.80
20.80
22.80
31.50
5.00
42.70
41.10
38.50
38.60
43.10
17.70
38.60
34.40
24.50
32.20
15.00
10.90
16.50
8.20
16.20
1.90
4.20
4.60
3.30
39.90
17.90
25.10
7.30
43.40
10.70
25.20
24.60
0.30
20.10
28.90
35.70
44.50
10.90
3.00
44.40
49.50
49.50
4.70
21.40
35.30
41.30
29.80
29.80
21.20
14.70
49.20
36.60
11.40
44.10
11.90
26.00
15.60
17.40
15.30
23.70
0.30
18.30
9.30
18.20
29.80
25.70
32.90
19.20
28.60
48.50
13.60
17.70
30.50
20.20
44.40
37.80
28.80
16.00
48.50
1.90
2.10
49.20
14.60
47.20
34.60
7.00
1.60
26.50
7.00
1.60
26.50
3.40
36.00
43.30
2.30
30.50
8.20
5.70
8.50
24.90
24.70
1.90
49.40
47.40
22.20
43.20
17.50
23.90
21.70
32.20
47.10
16.50
17.00
11.90
38.80
3.70
48.80
29.20
7.50
26.60
27.60
11.50
31.70
8.00
48.20
41.90
41.90
41.90
34.60
31.70
21.10
45.80
2.10
26.00
29.50
2.30
30.10
39.90
38.10
18.70
27.20
15.50
47.10
42.40
31.00
49.50
39.10
40.70
38.50
27.10
49.30
40.70
47.80
41.20
5.10
18.30
5.40
18.90
24.90
39.70
34.00
10.20
13.10
10.50
34.10
17.70
26.80
25.70
37.20
39.20
3.20
43.80
13.30
21.20
35.60
20.60
42.40
12.00
30.20
46.10
44.20
25.50
6.60
23.90
28.50
33.30
40.30
42.30
47.20
4.00
6.80
6.80
21.50
8.90
10.30
12.50
10.30
13.20
35.90
34.00
33.90
36.70
33.50
49.10
11.70
3.70
45.80
4.50
24.80
1.40
4.60
33.70
15.40
14.00
35.90
33.10
17.50
44.40
8.60
30.10
21.40
12.30
46.80
30.80
4.20
3.50
40.90
5.10
0.20
35.90
43.10
32.40
7.50
0.40
8.80
14.60
0.40
39.30
21.60
19.60
8.00
21.20
8.50
14.80
29.90
45.00
12.70
9.40
5.00
23.10
34.70
3.40
41.40
9.60
37.90
9.30
34.90
13.40
19.70
3.40
23.40
39.00
44.30
25.70
8.90
6.80
34.10
4.60
44.80
11.80
0.20
12.20
46.90
20.70
22.50
40.60
34.80
33.70
43.70
23.90
38.10
46.00
26.10
2.40
40.70
9.50
35.60
47.30
35.80
47.50
16.80
34.70
32.90
2.40
7.70
38.60
25.30
38.50
11.60
37.50
37.20
7.50
38.30
1.50
34.90
10.80
12.10
46.60
22.10
43.10
2.80
47.90
8.60
4.90
40.00
39.00
5.00
34.00
6.40
11.40
46.00
17.60
17.60
36.00
34.80
30.90
12.90
46.10
49.60
45.10
22.80
38.70
22.60
42.00
49.50
47.30
49.50
47.30
42.40
25.90
45.40
35.00
0.20
32.40
37.40
22.40
33.00
27.80
19.30
45.50
33.70
28.10
42.30
19.70
47.30
20.00
28.30
24.60
8.40
9.80
31.20
13.10
49.50
0.20
41.60
32.90
45.00
21.70
33.00
20.40
12.30
41.20
23.40
43.90
33.20
28.20
40.70
39.40
1.70
40.00
36.90
31.70
31.70
36.50
6.40
38.30
0.60
42.10
29.40
34.30
34.30
45.40
41.90
18.70
16.60
1.90
38.60
45.60
11.20
46.70
26.70
11.20
43.80
25.90
17.90
0.90
5.80
49.90
13.80
31.80
20.30
46.70
31.20
4.40
15.70
31.90
8.10
5.80
22.10
4.30
28.70
32.70
19.40
19.60
34.50
35.80
24.20
35.80
24.20
24.20
22.00
27.20
43.10
32.20
16.50
44.00
9.60
1.30
30.90
33.30
17.10
4.30
34.90
19.80
6.80
21.80
30.70
28.30
2.70
16.80
1.00
4.20
26.90
20.60
27.30
33.60
29.30
39.20
41.10
15.10
21.40
48.10
34.60
35.90
49.20
31.50
18.30
35.70
30.50
39.70
5.50
41.90
45.10
35.00
3.30
37.70
18.90
28.30
49.90
17.70
34.00
34.10
8.00
13.80
20.40
2.90
6.40
24.50
47.00
24.50
37.00
46.30
0.90
3.90
48.90
23.00
12.10
49.80
27.60
3.10
16.40
2.30
29.20
45.10
10.60
17.20
33.10
26.40
37.20
3.40
47.80
41.00
33.00
19.60
40.40
20.50
20.50
23.60
20.50
21.10
45.40
0.90
31.20
11.70
25.40
25.20
29.00
12.60
49.20
43.50
8.20
47.10
30.10
33.10
12.60
8.50
6.20
36.00
16.20
39.20
48.40
0.50
10.90
8.00
6.60
28.70
18.20
44.50
32.10
1.30
46.20
38.80
22.90
43.80
16.00
43.80
36.70
9.60
29.20
29.80
7.30
7.30
23.50
40.60
10.10
38.80
27.30
10.40
14.90
39.30
4.50
31.50
15.50
28.80
22.90
20.00
40.50
11.70
48.70
0.90
22.10
22.20
22.10
2.60
27.20
47.30
11.20
24.60
32.80
15.90
7.60
4.30
31.20
4.30
31.20
44.30
18.30
17.40
41.50
39.40
24.10
43.40
20.40
6.10
30.60
34.70
10.80
10.80
15.00
23.00
31.70
29.50
42.20
37.10
46.20
44.90
33.60
31.80
40.80
13.10
38.10
6.70
17.30
33.80
45.10
34.30
8.70
29.20
4.10
30.20
43.10
29.50
38.40
32.20
40.40
37.00
15.50
27.70
2.20
1.40
12.80
13.50
20.80
27.60
40.20
42.50
49.60
43.90
15.30
38.30
6.70
40.80
23.00
12.30
44.30
45.20
42.60
18.30
7.40
27.80
45.10
30.70
49.10
48.20
30.90
47.20
47.20
40.30
34.30
22.90
45.10
4.20
7.40
21.90
25.40
48.20
29.80
13.10
42.70
27.50
7.80
18.80
16.40
35.00
45.90
48.90
33.90
45.40
22.00
21.40
3.60
39.70
0.00
16.10
22.60
39.30
16.10
26.10
6.80
6.80
1.70
24.90
40.80
29.60
34.70
34.60
35.50
1.80
25.40
12.30
29.80
43.00
30.40
48.00
3.40
40.30
7.40
39.60
38.50
34.50
41.60
44.80
48.50
5.40
8.30
48.10
29.90
22.80
32.30
37.20
29.90
7.00
7.10
48.60
17.60
48.00
40.30
44.00
47.10
43.10
41.20
35.20
47.10
9.50
5.00
27.40
8.10
9.60
11.70
11.70
23.50
23.50
47.00
39.40
23.80
46.80
46.80
40.20
43.30
30.60
1.10
9.50
6.40
34.80
38.70
21.40
17.90
30.80
7.70
16.20
25.30
19.70
28.50
48.90
20.70
31.70
7.10
13.50
28.40
8.10
35.50
14.60
32.60
19.60
32.70
1.80
14.70
45.90
11.90
5.40
27.00
31.70
25.20
22.20
38.30
25.30
46.30
26.20
43.10
17.90
18.30
47.40
5.30
31.60
24.10
0.20
32.40
22.50
47.80
16.30
16.30
42.40
32.00
32.00
47.90
34.60
14.20
49.40
26.90
22.10
27.40
5.40
43.60
25.10
17.80
18.80
41.90
42.20
42.20
22.40
25.40
31.50
23.90
15.50
41.80
9.10
16.70
23.90
7.40
4.60
32.70
35.80
20.40
27.30
28.50
10.80
5.60
28.50
19.80
6.10
46.90
27.10
5.80
33.10
21.90
14.90
33.40
41.20
4.60
26.30
16.70
4.90
0.70
38.80
42.10
25.50
15.50
9.60
17.90
17.90
29.60
40.30
19.50
6.20
30.90
35.50
46.90
22.40
6.00
46.00
13.00
21.20
18.80
8.40
35.30
6.80
11.80
37.70
26.60
23.20
46.70
14.90
20.20
46.70
14.90
20.20
16.20
39.70
43.90
14.30
39.90
1.40
23.90
9.60
23.90
5.00
27.40
12.80
33.20
5.50
37.10
29.80
22.50
31.40
27.10
25.10
35.40
10.50
18.30
18.30
20.30
6.40
39.80
17.30
29.90
44.00
48.20
17.30
29.90
45.00
23.90
48.60
13.90
26.10
6.10
16.40
40.00
28.70
30.70
43.60
5.10
9.10
37.50
46.50
38.70
27.70
27.70
6.60
0.90
23.60
2.40
20.00
31.50
11.70
21.00
8.40
29.90
22.60
36.40
14.20
17.40
48.20
41.70
8.20
27.50
35.60
16.20
20.30
18.80
3.70
33.50
47.00
28.00
22.80
10.70
43.60
20.00
49.20
19.80
16.40
21.00
12.90
23.10
4.10
28.70
1.00
2.00
13.60
47.70
18.00
40.90
25.80
3.70
36.80
28.70
32.90
28.10
41.30
1.40
36.60
24.40
12.00
24.40
22.30
48.40
20.40
40.80
10.10
43.80
44.80
32.60
39.50
41.40
48.10
19.50
45.80
47.10
15.20
6.50
16.50
3.60
40.80
38.00
9.50
37.80
1.90
1.00
17.70
8.90
2.50
15.80
35.10
30.00
2.00
8.50
26.30
45.10
20.10
2.90
0.50
35.70
1.20
36.70
29.90
0.50
5.40
31.40
31.70
12.70
17.80
27.70
45.40
41.50
8.70
34.90
33.80
40.90
3.50
44.20
48.00
2.00
46.00
32.50
31.00
34.00
46.00
45.90
35.30
18.00
6.20
42.40
28.70
36.90
4.20
44.50
44.50
13.60
40.70
9.80
46.40
19.10
9.00
23.60
31.80
28.40
28.40
25.10
31.60
31.60
49.10
16.60
23.60
7.50
23.10
24.80
12.50
46.20
48.10
22.00
28.40
20.90
21.90
9.90
35.40
38.40
30.40
28.80
13.50
17.80
48.60
24.10
45.80
24.60
42.10
29.90
26.20
17.40
10.20
30.00
11.10
49.40
21.20
10.40
47.40
11.80
20.60
43.40
12.40
21.10
42.10
41.50
2.60
13.30
34.70
48.60
37.40
15.20
9.70
48.70
40.50
28.80
16.30
46.40
38.30
1.00
31.20
40.10
1.00
29.00
27.70
6.10
38.40
10.70
7.90
26.60
3.30
33.60
9.90
25.00
31.30
8.40
41.20
8.40
41.20
28.40
49.80
34.80
27.10
0.80
6.50
7.00
48.60
22.10
30.50
32.90
46.20
38.10
47.10
21.80
7.50
9.80
10.50
28.30
35.60
28.30
35.90
17.20
17.30
42.00
22.20
49.10
12.70
20.80
46.80
46.20
28.70
0.60
12.10
48.60
23.10
31.20
40.50
25.70
25.30
35.00
27.80
45.90
35.60
17.90
46.50
48.70
38.70
5.90
42.20
40.30
8.10
21.60
22.50
48.30
39.20
45.50
3.00
35.60
33.90
30.50
30.50
22.20
45.50
45.10
49.20
13.60
27.30
27.00
8.60
22.70
46.20
2.70
7.70
45.50
18.60
2.80
20.20
11.60
36.90
34.10
28.10
44.80
8.70
29.70
19.20
40.80
10.00
23.40
28.20
42.40
26.90
31.40
31.40
0.40
10.80
49.10
43.60
30.00
41.80
48.90
21.60
14.50
27.60
24.40
27.60
40.80
49.90
36.60
18.40
14.40
30.60
41.60
11.70
28.80
33.40
27.30
18.40
46.20
31.40
8.40
47.70
47.70
47.70
26.40
32.20
19.80
24.70
44.80
8.50
33.80
42.90
13.30
17.90
28.40
24.90
45.60
0.30
28.90
12.90
17.10
15.70
39.30
48.60
48.70
15.30
16.30
26.80
21.30
4.60
3.90
18.60
40.20
26.30
34.50
35.50
27.10
22.60
6.00
47.00
38.90
29.10
6.60
9.20
48.80
35.70
48.60
45.00
33.20
33.20
17.70
49.70
11.90
8.30
29.80
40.20
26.30
17.40
13.50
29.50
22.10
31.70
43.40
3.10
39.30
23.30
47.40
3.50
24.90
9.10
30.40
18.60
22.90
21.30
12.00
38.60
0.40
21.90
19.10
8.00
48.70
37.10
43.50
43.50
21.80
22.40
36.80
1.30
10.40
8.80
5.30
30.60
21.00
32.60
32.70
24.00
0.20
12.40
28.00
27.20
16.10
24.70
19.40
27.20
13.50
26.80
13.70
20.20
49.50
29.00
11.30
1.30
16.20
48.60
16.30
19.10
29.90
24.40
36.00
28.00
3.50
13.10
21.70
19.80
4.30
42.50
38.30
4.00
21.90
24.30
42.70
37.60
48.70
47.00
28.50
11.50
45.20
47.80
14.50
23.40
6.40
39.60
49.10
23.40
47.60
14.60
23.80
20.90
32.30
34.20
29.10
32.80
39.00
5.90
26.70
14.10
4.50
13.70
23.90
41.00
5.50
42.60
10.70
30.30
5.60
47.30
47.30
41.00
5.30
47.00
40.70
26.10
8.00
36.80
34.10
40.70
38.10
9.30
20.70
20.70
28.50
2.50
28.60
48.50
18.90
9.40
15.10
4.40
49.20
6.40
12.80
5.70
28.30
24.80
47.20
3.80
5.00
34.10
12.60
40.30
17.90
16.80
3.30
3.10
43.10
14.00
49.70
46.90
49.50
24.90
48.80
7.90
5.00
32.10
32.90
47.50
3.50
31.30
15.70
11.70
4.00
39.40
39.40
29.00
29.60
32.30
31.20
14.30
12.10
25.50
4.10
25.30
35.80
41.20
13.10
19.00
19.00
6.70
28.20
9.90
49.90
14.20
47.20
40.00
44.40
42.10
8.10
35.00
32.90
12.00
44.90
0.30
27.00
7.20
16.30
7.80
11.70
38.60
26.90
7.10
15.20
44.70
31.50
31.50
17.80
26.50
20.70
30.60
19.90
24.30
19.70
29.40
24.70
20.50
12.80
34.60
25.50
13.70
16.30
41.20
15.40
15.40
19.40
21.80
15.20
2.70
43.50
26.30
49.40
31.90
2.80
0.10
47.90
11.80
46.30
5.70
44.60
10.70
6.00
37.80
40.70
48.70
23.90
39.10
10.90
32.10
30.00
10.30
46.00
10.90
10.10
1.20
33.40
48.10
25.10
26.50
22.20
37.70
26.80
17.10
21.00
8.50
28.70
34.00
29.60
35.80
29.60
25.10
37.40
8.70
21.70
37.40
36.40
44.40
1.90
31.70
31.50
48.40
31.50
26.50
42.70
36.80
3.30
4.20
46.30
43.40
31.60
46.30
28.70
48.20
14.10
15.90
11.50
17.00
4.90
16.50
17.40
13.20
48.80
17.20
47.10
36.00
20.90
36.90
41.10
21.70
42.70
30.90
28.00
21.10
47.60
47.60
37.40
36.80
16.40
42.20
31.70
17.80
13.20
6.40
14.00
19.80
43.20
23.30
29.10
32.10
38.60
18.20
36.10
38.70
7.90
34.50
42.70
47.00
20.80
6.10
29.40
23.00
34.90
14.60
26.90
33.20
21.70
26.70
36.00
7.80
40.10
26.80
35.50
42.40
5.90
13.70
27.90
8.40
26.20
22.20
1.50
48.90
26.50
26.50
46.20
46.20
34.00
17.60
46.30
10.80
15.90
15.90
11.70
17.80
11.70
32.70
2.50
1.40
35.90
20.50
27.00
3.60
36.00
34.00
36.00
2.70
7.50
42.90
26.20
45.80
35.90
35.90
41.20
38.70
30.50
29.50
9.50
29.10
42.90
24.80
32.80
16.90
35.50
42.90
14.00
17.80
15.30
43.50
44.10
31.40
42.60
44.30
47.60
49.90
24.90
22.10
0.80
15.80
31.90
36.10
8.50
6.20
18.00
5.00
47.10
31.90
40.80
27.90
27.20
45.80
48.10
38.20
27.30
42.60
10.50
11.60
40.00
13.70
11.60
40.70
1.70
42.80
39.90
31.40
40.00
39.90
40.00
5.40
30.20
10.40
35.30
29.10
46.80
28.00
17.00
17.00
14.70
45.20
11.20
41.40
47.50
48.30
25.70
25.80
25.80
3.30
28.10
41.50
34.30
17.40
13.00
42.50
26.40
44.40
25.00
35.70
39.70
7.00
9.90
43.20
39.50
43.70
29.20
29.30
38.40
20.40
8.80
44.30
38.10
32.70
23.60
26.90
25.50
1.00
47.20
43.80
48.80
22.90
30.70
6.60
38.40
40.00
23.30
10.00
8.90
18.30
42.20
18.00
9.90
43.80
36.70
46.70
21.10
25.20
33.90
20.60
39.40
0.20
18.20
15.90
10.90
19.20
0.70
4.90
36.50
32.20
0.20
18.30
5.80
18.30
40.60
32.20
11.10
16.60
21.40
4.30
8.90
13.50
34.60
48.40
21.50
24.60
5.30
31.00
41.10
38.50
43.30
33.00
38.10
46.70
28.90
29.90
17.00
17.40
3.20
48.00
2.30
11.00
21.80
17.80
2.70
26.00
19.10
0.00
16.30
35.10
16.30
40.00
5.10
6.40
48.50
8.70
42.30
40.90
25.10
6.20
25.20
11.40
8.20
38.60
32.40
49.60
40.30
7.10
13.90
38.00
15.50
14.10
27.30
27.30
8.10
29.30
21.00
11.70
44.20
3.80
8.00
34.00
44.40
6.20
43.60
44.80
25.80
46.30
40.20
20.00
24.30
3.00
9.30
32.10
5.30
25.80
29.40
0.20
11.50
6.30
37.00
45.00
27.90
21.90
12.50
16.20
4.00
30.00
38.00
22.70
11.50
15.10
14.40
39.80
48.10
23.20
6.00
9.10
6.30
30.20
22.00
19.10
42.40
3.10
11.00
3.90
26.00
27.60
26.10
34.90
15.20
34.30
41.60
46.90
5.70
49.80
40.60
47.40
4.20
40.00
32.30
10.00
11.60
8.00
20.20
8.00
22.10
37.50
9.10
31.00
29.50
47.70
22.90
31.10
4.70
40.00
40.40
6.90
46.80
43.10
29.30
21.90
39.40
11.30
28.30
20.80
41.80
28.00
8.50
48.60
18.90
19.60
34.20
10.10
21.20
11.00
6.00
6.30
49.50
8.00
8.40
1.10
46.40
3.70
22.20
4.70
35.90
41.60
41.20
47.30
40.50
49.60
34.30
4.50
15.40
23.30
30.20
49.90
13.30
13.30
12.40
42.00
20.70
17.40
31.80
11.30
4.20
49.50
47.30
10.50
1.80
11.00
18.60
13.90
39.60
32.40
27.80
26.50
45.20
14.90
14.90
47.50
16.10
22.50
37.60
0.80
17.50
12.90
7.50
28.60
46.20
24.90
45.30
9.10
5.60
1.90
22.60
3.30
44.30
27.30
30.80
32.60
41.60
27.10
42.00
37.80
36.70
5.00
39.20
11.10
45.60
1.90
23.00
30.40
6.00
10.50
29.70
38.70
12.10
4.70
30.60
16.20
10.30
16.80
31.30
44.00
17.60
24.90
47.30
40.50
18.60
34.50
16.70
39.60
49.00
36.70
3.70
9.90
5.60
25.40
20.80
16.80
22.70
34.30
16.20
24.60
9.00
15.30
25.50
44.90
2.90
4.90
24.20
18.10
13.00
10.40
12.60
1.00
37.70
18.90
15.60
4.60
4.40
40.60
41.00
5.60
35.90
9.80
25.10
11.90
6.20
39.00
10.30
42.40
43.50
49.60
2.10
35.30
46.80
27.20
12.30
14.90
16.40
19.60
27.50
32.00
4.10
39.00
40.70
45.20
17.40
45.60
47.30
30.90
15.00
28.30
3.40
10.50
19.10
16.20
9.80
6.50
14.60
25.50
2.70
1.00
20.40
6.40
26.00
11.10
23.00
3.20
24.50
17.10
29.40
10.10
16.20
28.20
38.40
12.70
5.70
7.60
9.50
17.60
15.30
4.10
37.10
31.40
12.50
22.40
34.70
24.20
25.70
14.80
19.10
47.60
5.20
41.20
39.40
35.00
49.20
8.80
18.60
26.00
30.30
35.40
8.10
18.30
41.70
40.00
26.80
18.60
34.90
17.80
35.50
23.50
49.30
20.70
19.60
38.50
29.10
39.30
1.90
36.50
45.50
47.80
33.90
23.20
18.60
6.40
38.20
47.40
7.90
5.30
4.40
1.30
43.40
16.10
38.40
37.60
45.40
17.00
26.10
10.70
0.80
41.90
25.60
21.90
3.30
35.50
9.10
41.90
17.40
31.00
26.80
47.00
0.20
22.40
45.10
0.50
14.90
27.60
3.20
18.60
3.20
24.10
4.80
43.80
11.20
9.00
39.00
34.60
18.20
12.20
22.50
45.30
27.40
44.30
27.00
46.00
10.70
7.70
39.90
16.70
46.90
14.30
12.40
7.60
6.20
2.60
7.60
47.90
8.80
40.40
3.60
22.80
27.90
1.10
44.90
32.80
49.10
46.90
19.40
42.90
17.00
7.20
8.10
11.80
19.10
19.70
0.50
18.10
34.40
31.70
39.60
16.10
41.60
44.40
37.00
43.70
35.10
44.70
35.20
19.80
4.90
15.00
3.80
42.90
2.20
17.50
18.90
28.00
1.90
49.40
28.00
0.90
18.00
18.00
43.70
7.90
47.30
47.00
47.30
47.00
47.20
18.10
32.60
18.60
25.30
30.00
4.10
3.90
28.90
29.10
3.50
8.20
14.30
16.40
4.00
22.60
12.30
0.20
47.70
38.00
1.20
44.60
40.40
13.10
21.00
11.80
34.70
9.30
26.50
29.00
35.10
15.20
36.10
27.00
4.70
23.60
9.50
13.60
15.20
49.90
33.60
29.70
3.70
5.90
29.70
34.70
15.20
41.40
42.70
4.50
30.20
2.80
5.30
3.10
8.60
3.10
39.10
31.80
24.10
3.60
6.10
3.40
37.70
18.30
4.40
38.40
26.50
4.60
7.20
18.70
22.10
2.00
15.20
47.10
2.30
7.90
41.00
7.50
9.70
25.50
46.50
10.00
33.60
33.60
4.60
1.10
34.50
31.20
17.60
30.30
4.20
16.40
34.90
42.90
10.60
4.10
8.30
45.90
21.70
24.40
24.40
39.50
13.60
24.30
34.90
24.30
34.60
10.30
34.20
15.70
44.50
42.70
11.80
3.70
34.60
26.40
11.10
10.80
30.30
30.10
40.60
11.60
38.20
35.70
30.40
20.10
40.60
47.10
45.50
32.80
9.10
11.60
24.70
20.60
45.50
20.30
9.50
33.60
35.30
32.20
32.20
10.10
32.20
13.80
3.60
28.10
22.40
22.40
21.20
22.10
38.60
37.20
16.90
38.60
20.70
17.30
22.10
0.60
15.90
0.70
45.40
0.70
18.10
36.10
25.00
6.40
7.90
34.50
9.10
22.00
5.30
19.40
22.80
37.60
36.30
34.90
24.60
10.30
26.70
16.20
6.00
6.10
24.90
23.40
0.60
6.60
44.80
41.70
47.10
48.40
9.30
44.30
24.50
11.80
16.00
20.60
7.30
28.80
26.10
26.20
38.30
41.50
3.70
30.00
41.90
48.60
41.90
33.40
33.40
11.60
40.20
20.20
10.80
31.60
4.00
40.40
37.40
42.60
0.10
25.00
42.40
29.80
48.70
2.70
22.80
43.70
29.50
46.10
2.30
25.20
19.50
19.40
36.80
30.30
36.20
49.40
48.60
5.30
47.90
42.20
42.20
35.20
49.80
26.30
39.10
5.80
1.80
36.50
30.40
12.80
28.40
44.60
17.20
17.70
33.00
15.00
18.30
14.20
0.60
5.40
3.00
20.40
3.30
23.90
33.70
48.00
18.30
16.10
18.90
36.50
19.50
7.10
2.10
26.20
1.00
33.30
48.90
28.10
10.10
18.50
23.70
11.00
11.60
8.30
16.20
30.90
16.60
48.00
30.80
1.30
40.70
46.80
11.40
38.70
11.90
10.30
46.90
43.10
13.20
4.30
12.60
37.40
6.90
34.00
46.90
23.80
16.20
38.90
38.90
1.30
10.20
37.40
26.50
6.40
6.40
7.40
7.00
4.10
36.10
19.80
24.10
47.90
31.30
7.50
20.10
27.40
45.00
33.00
6.20
20.50
21.50
34.90
29.60
42.20
21.00
4.00
44.10
1.70
6.00
8.20
31.90
48.00
15.40
10.80
29.10
2.60
42.80
31.90
0.20
34.10
3.30
34.10
34.10
48.10
0.30
3.10
18.70
37.80
18.70
8.80
16.70
32.50
33.60
32.50
33.60
41.70
22.80
21.90
12.60
46.70
39.70
38.60
33.80
42.00
35.90
34.00
49.80
26.50
34.40
26.20
35.10
9.60
19.90
16.80
48.30
28.30
34.30
6.80
16.50
41.50
47.80
42.70
29.30
33.00
11.00
21.40
4.40
12.70
42.50
41.50
48.80
40.20
2.20
31.00
48.40
37.60
0.80
28.40
2.60
43.60
13.50
34.00
37.50
23.90
37.50
36.50
49.30
14.30
49.60
39.60
24.60
23.50
41.20
14.80
4.50
46.50
3.30
37.50
1.00
36.90
10.50
29.30
36.20
2.70
22.60
11.50
4.40
39.70
28.30
13.60
42.20
4.30
3.70
39.10
34.10
13.30
15.90
16.90
34.70
9.30
18.40
40.10
31.30
9.00
26.10
9.60
27.90
9.60
40.40
45.10
8.10
28.70
13.60
9.20
41.10
32.50
4.10
32.50
31.60
34.70
16.20
39.40
6.90
22.50
6.70
42.90
15.90
40.60
28.60
11.60
20.70
25.80
22.90
41.10
4.40
16.40
21.20
29.90
31.90
29.20
29.20
12.50
33.20
17.80
42.80
49.70
40.10
13.60
5.70
13.30
22.50
30.40
17.00
45.30
5.80
5.80
36.10
45.50
38.50
46.10
31.20
26.80
21.20
3.90
13.40
31.10
4.60
20.90
0.00
0.60
38.50
28.70
26.80
13.50
8.30
8.30
46.00
17.30
48.90
39.60
21.20
33.80
46.20
48.60
41.00
36.20
0.50
43.60
29.10
4.30
17.10
10.20
10.20
47.10
18.00
0.60
24.90
4.70
30.70
20.70
44.40
44.40
37.40
46.30
40.30
29.60
18.40
40.00
11.70
0.20
39.60
17.20
2.20
14.60
39.40
30.70
37.00
29.00
18.50
47.40
47.20
6.60
42.00
10.70
46.90
12.40
20.00
33.70
27.90
5.20
18.80
45.90
16.60
15.50
49.70
25.80
43.30
7.00
24.90
31.10
7.40
23.10
17.70
43.90
30.50
27.50
34.50
15.40
9.00
48.30
33.20
31.00
7.90
49.00
3.90
9.50
22.60
16.80
36.90
22.70
43.80
28.30
27.50
37.60
8.90
12.20
24.00
24.00
0.40
24.00
29.90
33.40
12.60
19.90
49.40
39.70
48.40
40.10
6.70
28.80
10.20
22.40
8.30
19.90
35.40
10.50
10.60
34.70
20.10
12.00
18.10
20.10
6.50
43.50
2.60
48.30
30.00
48.20
19.60
28.20
38.60
38.60
26.50
3.30
3.30
1.80
1.20
6.20
27.70
18.70
7.60
24.80
40.20
45.00
36.20
15.60
26.00
39.90
23.80
0.20
29.30
15.40
25.40
10.50
45.60
15.70
4.90
21.60
33.70
41.40
45.50
35.20
30.20
35.20
30.20
40.80
24.30
25.90
21.50
3.50
5.30
28.80
5.30
27.70
2.10
15.40
21.20
8.90
24.10
20.50
33.80
22.70
30.50
10.80
37.50
0.40
5.30
40.70
15.40
32.50
49.40
27.60
44.20
34.10
49.90
2.90
49.90
2.90
34.40
6.20
15.80
14.30
14.50
3.00
35.40
0.70
9.50
33.50
2.60
22.30
5.70
38.80
28.20
42.20
24.40
1.20
15.70
15.80
16.60
25.80
39.10
19.90
32.00
5.20
21.30
37.70
45.60
15.30
40.30
13.50
26.80
17.90
7.60
9.80
19.30
49.20
7.40
43.50
15.00
46.00
8.40
29.00
22.70
8.40
37.20
49.40
24.40
14.60
38.90
41.10
9.10
19.70
31.10
42.40
4.30
38.80
37.60
23.90
34.80
34.40
33.10
10.40
46.00
43.00
16.00
35.10
23.90
38.00
20.60
41.40
3.70
5.40
16.90
14.70
47.20
32.50
43.70
21.70
28.70
20.80
32.40
10.80
4.60
6.00
14.40
27.60
44.90
24.40
41.10
31.30
41.10
45.80
35.30
15.30
2.70
8.00
7.30
30.40
35.10
31.60
37.40
42.20
26.00
44.90
49.10
12.20
22.10
23.00
8.60
10.40
1.40
9.90
43.10
31.90
33.10
9.50
31.20
3.70
37.60
34.20
12.00
6.30
41.70
20.70
8.70
10.00
46.40
39.80
20.50
49.00
26.10
35.30
47.80
47.90
10.90
37.50
4.50
33.60
27.80
27.20
44.40
8.70
23.30
11.70
25.50
43.50
16.00
6.20
7.20
24.40
10.30
22.20
29.00
5.50
10.50
36.00
41.80
14.10
20.50
13.10
30.10
14.40
15.40
41.00
27.30
41.90
27.30
34.80
47.20
29.20
9.90
23.50
8.90
22.00
8.00
39.30
30.40
39.30
34.80
6.60
25.90
47.80
6.60
6.60
27.70
41.10
28.50
8.50
31.30
3.60
41.70
2.90
29.90
46.50
38.90
29.10
10.80
3.10
10.80
3.10
17.40
34.20
21.20
21.30
21.30
21.20
21.30
40.10
7.70
46.40
46.40
49.90
11.60
11.90
48.80
12.00
9.70
30.30
16.40
23.00
44.10
9.50
28.10
48.50
19.70
18.10
14.10
27.10
43.30
25.40
44.60
25.30
49.40
29.60
13.50
0.50
0.50
1.20
16.70
45.20
32.00
42.10
37.70
11.10
46.70
14.70
38.40
46.40
4.50
6.10
12.30
12.70
19.70
4.20
14.40
44.40
12.50
46.50
10.20
1.00
4.90
9.60
23.40
15.60
22.10
10.70
42.90
32.50
46.00
2.10
45.90
36.90
39.90
32.60
45.00
7.60
41.80
44.00
20.60
6.40
45.00
44.30
18.80
6.80
44.30
18.80
6.80
11.20
4.80
25.60
11.70
23.50
7.00
39.70
16.40
17.50
9.00
0.50
11.30
48.50
0.10
18.10
12.10
28.70
26.10
45.20
13.80
47.70
5.40
35.10
5.40
15.30
23.00
38.30
5.00
41.80
23.40
44.70
26.10
15.50
48.10
34.90
21.10
5.50
24.10
9.40
5.50
22.80
8.80
2.30
5.10
17.10
12.40
36.40
18.60
7.50
24.50
33.10
0.80
13.10
17.40
30.30
24.20
30.20
13.40
42.00
20.10
6.60
30.40
0.90
27.30
7.20
33.30
35.40
35.40
49.20
45.40
31.30
46.60
25.40
19.40
30.80
3.20
27.00
39.90
3.60
43.80
6.20
0.30
30.70
31.60
33.00
33.20
7.50
49.20
19.00
34.80
9.80
34.40
35.80
46.90
44.50
22.40
25.10
47.30
46.70
46.60
3.30
31.50
3.30
29.40
18.70
38.20
49.20
17.30
25.20
1.90
33.30
20.10
21.60
10.00
32.90
25.10
7.50
18.90
16.50
1.30
32.20
15.40
3.00
11.20
47.50
43.60
47.80
42.10
12.80
43.60
49.00
43.60
49.00
49.30
9.30
47.30
16.00
14.70
23.90
15.20
10.50
32.20
47.30
45.00
36.80
12.60
22.20
33.50
1.10
23.00
46.60
26.70
17.20
12.40
20.60
11.10
9.30
37.70
34.30
31.10
34.80
29.10
12.70
19.30
13.40
40.00
39.50
42.70
15.40
38.30
20.60
15.10
14.60
21.40
45.10
1.10
38.80
18.90
3.20
12.10
4.10
17.90
48.80
23.40
21.50
30.30
38.20
13.50
28.90
4.50
29.80
44.30
0.40
45.80
15.30
27.20
2.30
15.60
33.10
13.20
25.80
29.10
23.50
44.00
0.70
32.00
36.40
18.40
45.20
26.40
41.30
1.10
43.60
3.20
38.00
36.60
31.20
30.30
40.70
38.70
39.30
39.60
14.40
19.50
14.40
33.50
34.00
9.10
18.30
39.20
24.80
32.40
6.40
5.80
11.60
43.50
23.40
27.00
21.30
27.00
46.20
45.90
30.60
31.60
48.10
1.50
8.10
41.20
9.20
39.40
2.20
7.30
13.70
18.60
18.80
46.20
32.20
40.20
1.30
43.70
22.90
3.60
30.20
30.20
45.10
8.20
15.10
32.30
45.70
10.10
37.40
27.30
17.50
24.70
24.20
23.90
47.40
14.40
41.90
14.20
41.90
14.10
14.20
49.00
14.20
14.10
39.60
38.50
49.00
38.80
6.70
21.90
3.00
43.50
5.10
47.40
1.60
21.50
20.80
22.00
14.40
32.30
46.60
47.70
8.70
24.80
5.40
44.30
39.10
49.10
48.70
13.20
45.20
30.40
26.70
39.90
17.50
12.50
43.60
42.70
31.10
20.30
32.80
20.30
12.70
9.00
18.00
2.30
14.50
18.00
30.80
32.10
7.20
15.60
48.60
0.00
49.70
41.50
13.10
33.00
34.90
46.60
1.00
11.70
28.10
27.80
3.40
27.40
16.80
27.70
15.80
38.90
43.10
0.90
36.80
36.00
15.10
43.10
48.10
28.50
29.50
7.10
34.50
46.70
28.30
0.00
19.40
0.70
40.80
45.80
26.90
19.10
19.10
19.40
6.30
26.60
11.60
6.50
3.90
43.70
9.90
19.30
38.40
23.20
15.90
33.10
42.50
38.50
8.30
35.90
15.00
45.40
17.70
5.20
35.90
17.80
8.50
27.10
27.30
12.10
10.30
11.20
24.20
37.90
46.60
8.00
4.30
0.80
43.90
37.30
23.80
14.50
7.90
18.20
21.40
43.50
14.20
42.40
27.10
19.60
37.90
45.00
34.00
5.20
36.80
43.30
27.20
40.20
28.20
11.50
30.00
26.10
42.70
13.90
29.90
36.50
20.80
8.00
15.70
43.80
37.50
45.00
0.20
39.50
15.70
34.10
31.30
10.40
37.90
35.70
39.10
44.50
1.80
31.90
49.50
31.90
35.50
16.50
49.60
34.10
6.40
36.30
38.80
19.80
47.70
10.00
21.30
39.90
43.90
34.10
48.30
10.80
30.40
20.90
30.00
20.50
48.10
22.50
22.50
5.30
21.30
27.20
31.90
42.00
30.60
22.10
35.10
41.50
0.00
38.20
37.20
10.30
15.60
25.30
38.40
41.00
16.80
46.40
27.70
20.80
3.50
26.30
49.00
21.10
35.40
20.30
19.60
17.90
15.70
24.40
22.50
13.10
34.30
38.70
5.00
29.70
40.30
40.30
25.30
49.70
30.00
19.90
30.80
46.10
30.80
5.10
48.70
21.50
26.20
8.50
21.70
36.80
39.50
43.50
35.40
22.00
28.20
7.00
17.10
27.50
13.20
13.20
37.50
10.10
41.10
16.90
12.50
15.30
36.70
33.50
14.50
32.80
21.70
28.40
38.20
2.70
43.50
37.50
30.10
44.70
10.60
39.90
40.30
45.10
12.00
22.40
28.30
7.30
49.40
46.20
25.80
11.70
8.40
0.00
46.20
26.00
43.50
14.20
20.40
27.90
4.10
38.00
13.20
34.10
25.70
35.80
17.10
2.80
3.30
9.70
28.30
5.50
32.80
3.70
48.30
47.00
14.00
9.10
14.20
14.20
6.60
45.80
10.20
23.80
9.30
33.70
10.40
32.60
26.30
26.50
11.50
26.50
49.90
32.10
35.80
8.60
23.40
30.40
12.10
42.80
35.00
21.40
20.70
28.30
26.20
44.50
44.50
42.40
0.00
8.70
12.10
4.40
35.10
31.30
39.80
33.40
49.90
7.10
36.50
36.70
23.90
32.30
28.10
49.60
47.70
24.40
7.10
32.00
19.20
1.20
2.00
36.40
49.10
33.40
4.20
17.20
34.60
36.10
28.70
19.50
6.90
32.30
7.70
43.10
11.40
21.50
36.20
15.10
5.10
41.90
30.10
8.60
30.10
6.90
14.50
16.50
39.60
35.70
39.20
36.00
13.60
24.30
13.70
26.60
31.50
34.80
45.30
25.20
21.80
3.10
3.90
8.30
36.70
40.50
8.10
38.90
7.00
8.90
43.50
27.30
7.50
35.70
21.60
10.10
36.90
33.20
33.10
32.20
19.40
38.10
43.30
31.10
20.10
42.50
24.60
47.20
48.70
27.50
13.40
46.20
11.20
47.90
4.10
22.00
10.40
2.40
11.70
34.20
39.00
25.50
0.80
34.30
34.50
44.50
21.20
37.60
2.90
44.40
12.40
35.10
14.60
22.70
13.90
31.20
31.50
26.30
38.70
49.70
47.90
27.10
27.10
32.80
9.50
21.50
7.40
42.20
35.10
15.40
24.80
35.70
3.20
27.80
31.30
34.80
10.30
16.70
31.80
41.40
24.80
39.40
6.20
39.90
11.10
44.10
38.70
38.10
29.90
22.20
14.30
16.40
21.60
10.00
5.70
8.00
43.70
46.00
44.50
11.30
46.20
38.80
38.80
6.30
14.90
26.10
21.30
11.90
15.80
15.80
27.30
48.70
31.80
19.60
31.80
4.20
14.80
33.10
44.40
7.10
33.80
18.20
44.00
34.30
35.30
4.80
41.50
37.30
43.30
10.20
25.30
44.60
13.30
41.20
29.20
40.30
36.20
14.10
45.20
12.10
38.90
42.80
32.90
49.80
25.80
2.60
2.60
41.20
1.20
38.80
25.00
7.30
39.60
6.90
45.10
47.20
48.50