Salvador - Temperaturas:
7.40
40.30
9.70
37.80
19.50
42.50
11.10
40.00
7.30
12.00
2.40
8.20
0.40
24.10
47.90
11.70
42.70
45.70
49.10
28.10
41.40
29.90
47.50
3.10
35.20
21.70
26.60
29.50
16.70
38.90
20.90
44.80
5.80
45.70
12.50
3.80
29.90
34.80
20.90
33.50
1.80
47.20
15.90
10.40
10.70
40.60
29.20
39.10
21.60
10.10
7.70
17.00
21.80
48.20
7.90
21.10
41.80
28.70
37.80
12.50
3.10
19.40
48.30
19.20
10.40
32.00
39.10
41.80
13.90
40.90
40.50
42.90
2.60
25.70
22.90
25.90
41.10
34.80
20.50
7.20
49.60
31.80
14.10
8.40
3.50
48.20
38.10
48.50
41.20
32.60
14.10
38.80
25.00
22.60
23.20
5.80
3.60
9.20
2.20
42.10
6.90
2.80
12.30
4.80
32.50
33.40
44.10
18.00
37.30
19.40
38.60
16.20
8.00
48.50
17.20
3.40
17.10
47.40
9.30
18.00
20.10
15.50
42.80
35.20
17.20
29.40
1.40
41.10
5.80
21.70
17.80
42.10
45.00
45.50
42.60
38.90
18.50
25.00
13.80
47.40
38.90
6.10
4.00
14.30
46.80
30.00
13.60
3.70
35.50
43.40
23.90
34.20
14.20
12.20
28.20
35.30
6.40
37.40
5.00
15.90
34.50
29.50
9.00
29.50
19.30
21.10
13.10
48.30
39.70
48.00
46.10
10.90
9.70
22.20
14.70
8.00
30.50
25.60
41.90
13.60
34.70
31.90
27.30
8.60
27.90
43.70
20.80
42.70
48.80
9.10
47.70
16.10
8.50
20.40
25.30
34.50
10.30
12.10
27.50
46.30
28.60
23.50
5.20
4.70
22.40
28.40
24.50
31.80
45.40
4.40
7.80
40.30
35.60
47.70
36.90
27.50
43.90
21.60
0.90
46.30
23.10
28.30
9.20
26.50
23.50
2.60
45.40
20.50
1.10
29.60
23.50
37.60
37.50
41.00
12.50
47.80
46.90
43.90
37.40
4.30
40.70
11.70
16.00
9.60
33.40
33.30
32.80
23.00
40.40
7.00
33.30
39.90
2.60
4.10
42.20
34.40
36.10
22.20
18.20
32.00
24.10
30.80
8.60
45.50
1.70
7.50
36.50
21.20
32.80
19.80
12.90
33.90
34.90
28.90
14.50
18.10
4.70
42.90
35.00
19.60
6.00
21.90
8.10
46.60
46.60
24.60
10.30
41.90
39.20
15.80
28.20
12.30
28.30
22.60
42.10
45.40
10.00
1.20
48.30
45.20
32.40
42.60
20.20
39.20
24.90
47.50
12.90
31.00
39.70
36.90
37.30
0.80
11.50
32.00
32.20
25.10
35.80
28.20
21.10
9.60
37.40
48.70
26.90
48.50
14.70
4.60
21.80
33.40
42.00
10.20
9.00
4.90
45.00
17.10
20.70
9.70
18.90
33.60
10.70
24.10
3.90
17.80
35.00
30.00
46.50
37.90
33.40
48.60
47.30
29.20
46.30
42.30
47.40
8.90
19.80
0.10
9.60
22.20
17.50
43.80
41.50
29.90
29.70
44.40
11.80
45.80
10.60
10.10
19.70
48.00
12.40
30.70
48.60
16.30
15.80
22.90
34.90
7.20
5.90
49.80
22.10
43.60
13.00
31.30
12.40
43.30
45.40
13.30
22.40
29.00
8.80
23.10
36.50
0.20
15.80
10.70
32.90
47.70
44.60
16.10
34.60
44.90
3.90
44.20
20.70
12.10
39.20
11.50
42.80
40.60
11.10
37.20
35.00
0.50
25.80
38.10
39.30
16.90
1.10
38.70
35.80
21.40
31.60
48.70
47.30
46.60
9.40
8.70
35.30
22.50
34.40
34.10
38.90
21.00
25.90
16.20
38.40
32.20
17.10
37.10
42.30
42.20
9.30
20.30
46.80
1.30
23.90
44.50
23.50
6.30
22.70
40.80
41.60
15.90
30.50
34.50
39.00
38.40
37.20
49.50
11.10
28.50
31.10
32.20
44.10
44.00
6.80
36.70
22.70
22.80
6.00
7.10
6.30
23.10
30.10
41.90
3.70
25.50
10.00
45.10
24.20
31.90
46.50
15.10
10.60
12.30
49.80
6.20
40.40
49.90
8.90
4.60
23.20
32.20
18.30
11.80
33.10
0.60
23.50
24.30
11.70
26.40
0.90
30.10
17.80
48.50
4.50
24.80
26.50
8.00
1.90
19.60
35.20
16.90
21.80
19.00
26.50
0.80
28.90
24.70
47.70
24.40
4.50
24.70
0.30
24.60
45.90
8.20
15.00
15.70
31.20
6.50
12.00
39.50
43.30
12.20
24.10
47.90
49.10
32.00
20.20
37.00
7.00
45.40
32.50
32.80
42.00
2.40
26.20
6.90
47.70
46.30
31.60
1.50
15.60
21.40
35.60
16.40
23.30
17.80
3.90
13.70
49.70
17.60
49.70
5.60
2.10
31.70
9.40
10.00
25.30
1.30
2.30
28.40
21.80
1.90
14.70
26.00
10.90
2.90
9.40
43.30
9.60
49.50
19.60
29.10
3.40
49.00
3.90
23.00
1.10
18.70
10.00
19.90
36.80
31.10
7.20
24.90
30.30
46.60
45.50
49.10
1.80
14.70
40.30
9.90
29.60
28.70
48.80
24.30
23.00
23.00
21.80
41.20
15.00
45.90
25.50
4.80
38.90
32.90
33.70
19.50
27.00
47.40
32.60
12.50
33.10
44.20
23.80
18.20
40.90
18.00
24.40
43.10
17.10
40.10
31.00
49.50
0.40
10.70
5.60
25.80
32.70
33.00
47.90
7.40
2.80
4.30
13.30
8.20
7.40
28.30
20.50
22.10
17.40
21.20
28.80
41.90
40.90
29.50
5.50
31.00
2.50
15.80
8.90
11.40
14.30
32.70
21.60
38.40
20.50
18.90
49.00
47.10
42.00
40.00
38.60
36.90
47.30
38.60
1.80
32.50
15.70
49.10
4.00
31.70
31.70
12.50
28.20
34.30
35.20
48.60
32.70
24.30
41.50
30.20
12.40
1.60
38.80
7.00
0.00
25.80
34.50
2.40
2.40
38.90
27.10
10.60
1.30
45.10
41.10
9.10
9.10
20.50
35.90
2.70
26.70
11.40
5.10
18.80
26.30
23.00
5.30
30.00
45.80
35.80
25.00
48.70
43.70
12.60
28.50
14.90
10.10
33.40
40.00
45.80
11.50
7.90
15.00
5.60
6.30
20.50
19.20
9.10
23.00
32.40
48.40
5.50
6.40
6.00
25.90
11.70
19.30
49.80
6.40
19.70
10.80
39.10
20.50
35.90
30.00
25.40
1.30
13.80
18.60
34.40
39.90
48.10
30.80
10.40
32.90
10.20
36.20
34.10
39.70
30.50
46.40
47.70
21.40
27.00
8.10
14.80
43.70
35.70
0.60
15.60
18.30
24.20
39.80
19.80
31.70
0.90
40.00
14.20
16.70
39.50
11.10
28.90
38.60
22.20
38.40
9.90
16.40
14.00
0.80
14.80
29.30
12.00
18.40
30.80
10.20
41.80
45.90
18.80
31.80
9.10
47.20
24.80
21.50
23.30
17.00
36.90
34.30
11.90
13.20
7.60
40.30
39.00
11.40
49.50
28.40
26.20
8.80
8.70
11.70
13.50
35.60
41.70
18.20
3.80
20.60
2.70
42.40
29.70
27.70
12.10
29.50
44.30
36.80
30.00
26.80
46.10
46.80
9.70
37.30
30.70
17.50
2.00
47.80
45.80
45.60
18.60
27.00
5.80
36.80
4.80
37.70
2.40
29.30
5.00
48.50
7.60
7.40
16.80
5.20
44.20
44.60
28.20
31.10
1.80
41.80
34.70
38.00
9.10
18.90
12.20
16.10
45.30
23.60
39.60
12.50
24.10
12.70
23.80
28.10
38.30
12.50
15.70
20.80
29.30
31.50
3.10
0.70
25.30
16.50
41.20
27.20
38.80
15.10
8.90
30.40
20.70
10.40
14.60
49.20
13.20
34.40
2.80
44.80
20.80
10.50
16.20
35.50
26.40
33.20
39.00
17.60
30.80
31.90
9.30
30.80
40.00
45.90
30.80
0.00
36.00
49.50
23.20
10.80
26.60
43.60
49.80
49.60
26.00
44.80
26.80
45.00
18.60
26.50
30.80
42.70
14.80
5.40
42.30
7.30
48.40
24.20
25.30
39.10
26.70
41.80
48.50
28.30
37.10
46.70
33.10
35.20
2.20
35.70
46.20
21.20
30.00
13.70
8.30
2.00
36.10
24.50
27.00
46.30
10.90
22.80
10.20
39.00
3.70
31.80
4.20
13.20
42.90
37.70
12.90
42.10
13.20
31.20
48.10
40.00
35.60
9.10
22.20
19.60
14.60
12.00
7.00
33.30
25.10
41.50
46.50
22.60
41.40
43.90
10.90
14.60
39.90
39.60
7.30
12.80
30.80
33.00
44.10
5.20
43.20
21.90
41.00
43.20
1.40
24.20
36.80
30.30
20.00
14.50
37.00
28.90
32.60
17.00
24.90
49.50
28.40
4.10
35.10
25.30
20.70
6.50
32.80
21.00
20.10
44.00
39.20
34.80
29.30
26.40
30.50
11.40
21.40
44.10
43.20
39.30
19.00
4.50
2.60
16.80
22.00
44.60
32.90
8.10
45.90
40.00
40.60
22.50
30.10
1.00
29.50
41.90
28.40
9.90
35.50
35.50
24.60
7.30
2.90
28.60
30.60
47.40
44.90
34.90
12.30
9.90
35.00
1.50
17.30
35.70
22.90
27.20
37.90
41.60
26.20
8.90
18.70
23.60
28.40
26.20
33.60
31.40
10.20
35.70
4.80
7.90
42.10
16.90
46.50
33.60
2.80
41.60
10.00
32.50
0.00
43.80
44.30
29.40
43.80
0.30
19.30
30.20
44.90
36.40
3.70
44.90
22.80
11.00
43.40
7.30
8.50
5.80
18.40
42.90
9.70
22.90
22.60
23.50
31.90
23.10
23.90
49.50
13.20
35.50
29.80
34.50
34.50
21.00
22.80
3.10
14.70
2.80
8.70
31.70
40.80
9.80
44.90
13.00
29.20
49.30
21.10
15.90
11.00
31.50
29.10
35.20
29.80
44.80
48.90
11.70
44.00
36.80
41.30
45.30
24.30
35.60
49.00
31.80
27.80
17.80
24.10
19.00
25.60
46.10
40.20
31.00
4.20
29.70
32.80
27.40
19.00
5.80
23.60
44.40
14.30
46.40
7.70
30.20
25.10
3.00
19.30
17.70
14.40
18.90
14.40
4.70
24.40
0.70
9.90
17.70
21.40
4.60
33.60
44.70
39.20
43.30
40.50
43.00
42.50
29.30
10.70
40.30
27.60
18.70
9.00
42.10
2.90
0.10
22.90
35.80
8.20
22.40
18.40
30.90
31.30
0.60
13.90
3.00
17.60
23.00
7.70
31.20
13.70
25.40
6.60
48.00
39.50
16.40
3.30
5.50
7.80
21.70
17.30
5.40
19.40
16.70
10.10
12.70
6.90
19.10
43.90
19.00
20.90
10.10
26.40
5.10
25.30
21.70
6.00
30.10
26.60
27.40
13.30
42.30
48.60
6.30
10.20
30.10
24.00
49.90
41.90
7.40
12.80
30.00
15.00
39.90
2.40
44.70
31.80
14.50
39.00
40.80
15.40
17.30
18.80
49.70
27.10
11.90
47.90
15.10
35.30
23.90
37.60
24.60
26.50
35.20
5.60
3.70
49.50
8.10
37.80
24.00
24.00
12.80
11.20
34.70
2.60
39.50
48.90
25.10
2.40
44.40
16.10
36.70
16.40
46.70
8.80
18.20
36.70
28.90
38.10
11.90
6.90
5.20
47.40
12.90
30.30
46.40
49.20
33.70
11.90
4.80
47.90
37.00
37.20
40.80
28.20
14.30
15.30
32.80
2.20
46.30
23.60
16.70
33.30
30.80
30.80
38.20
4.60
28.40
25.80
42.00
40.00
37.10
1.90
8.90
26.00
2.30
7.50
19.80
8.20
44.10
44.70
23.30
29.90
44.80
48.70
30.30
29.00
45.50
31.40
42.10
36.90
40.40
24.50
12.60
29.00
32.20
10.20
35.80
4.50
45.90
28.60
19.80
31.10
25.20
15.90
15.90
43.50
31.30
9.10
5.00
4.50
38.10
21.40
36.90
14.80
14.80
25.90
46.70
33.80
26.50
10.90
31.40
45.70
46.10
24.70
49.30
7.90
36.00
29.30
46.50
37.10
19.10
47.10
48.50
24.60
32.50
7.70
42.90
36.20
23.50
25.70
5.00
46.20
36.60
25.00
28.00
22.80
39.30
20.90
35.40
42.80
41.10
25.60
28.50
42.10
8.60
3.90
27.00
2.60
30.80
24.40
7.80
20.10
10.20
19.20
0.00
26.90
9.60
7.50
36.80
15.30
6.30
13.50
9.50
6.00
0.20
19.40
4.80
5.30
32.40
11.00
29.90
46.70
42.30
22.00
7.80
1.90
42.90
27.70
40.60
37.30
44.70
29.80
38.10
28.40
42.00
49.10
20.90
33.40
33.70
15.10
31.90
28.80
42.70
14.60
13.60
9.60
4.70
45.50
24.10
8.40
13.00
6.70
25.40
41.70
14.10
19.00
16.50
44.80
45.50
41.50
29.60
0.90
39.70
23.10
14.90
4.60
0.80
9.10
13.30
25.00
13.60
47.60
37.00
24.00
40.60
43.50
28.40
34.50
34.40
42.20
44.60
24.80
7.90
0.00
31.30
0.80
5.00
5.20
28.00
30.50
38.60
38.60
39.30
21.20
0.00
0.40
10.40
27.60
39.70
25.90
19.70
21.70
46.20
47.00
37.60
30.30
33.50
12.70
8.10
8.10
7.90
34.80
17.50
26.90
47.20
30.50
11.70
31.70
29.40
30.70
42.30
23.60
29.20
44.50
5.30
20.20
34.70
24.00
2.50
3.90
45.70
3.50
16.40
7.40
43.50
35.90
9.00
27.50
39.40
4.00
47.40
5.50
22.40
6.70
32.80
31.00
11.30
38.20
18.70
26.50
46.70
18.10
13.90
0.90
0.30
10.90
44.60
44.80
31.30
24.30
13.60
46.10
16.90
18.70
6.50
19.80
29.70
12.80
34.90
15.10
29.50
29.40
18.60
12.40
35.20
22.50
17.90
10.70
9.60
9.50
34.20
10.50
34.20
10.50
40.60
3.30
1.10
18.00
47.50
3.20
22.80
25.90
30.70
5.30
29.80
5.00
31.80
26.70
32.30
46.00
12.20
19.50
48.10
38.10
20.00
24.00
45.00
32.80
11.70
35.60
26.50
21.30
9.10
37.70
12.50
41.90
25.50
48.50
5.40
16.20
28.70
23.50
36.90
2.60
1.20
22.10
9.20
28.70
18.30
47.30
11.60
5.60
34.00
40.90
14.20
18.10
31.30
8.00
12.00
44.40
42.30
30.80
48.80
3.20
1.00
26.90
27.40
23.30
12.00
48.20
27.70
15.20
19.90
19.70
33.60
43.50
10.80
39.90
40.70
36.20
0.10
39.00
48.20
37.20
11.50
43.60
42.40
0.30
43.50
31.20
36.00
38.50
1.90
25.90
33.70
7.00
23.10
38.70
11.80
36.50
38.60
14.10
40.60
16.10
9.10
0.00
23.90
17.50
0.80
28.00
45.90
16.10
48.00
18.20
42.60
40.90
42.00
2.70
24.90
16.20
17.30
45.30
5.20
16.70
46.90
28.90
7.60
46.60
44.60
46.30
6.20
33.60
5.30
35.50
1.10
32.60
13.00
33.40
40.20
43.30
16.00
19.40
45.50
49.60
2.20
38.10
36.30
0.30
38.60
41.40
25.60
28.10
9.90
16.20
46.80
14.80
29.80
7.20
3.20
33.30
4.50
34.90
6.30
30.50
2.30
27.30
32.00
40.70
28.20
44.90
15.80
30.50
12.30
39.10
17.00
2.90
29.90
37.90
15.30
40.50
26.00
10.00
23.00
23.00
41.40
20.50
4.40
33.80
22.40
24.10
10.50
7.10
35.60
0.20
9.00
41.90
42.60
2.50
12.60
9.80
46.50
34.30
22.60
15.80
41.10
44.60
23.60
23.70
16.70
4.10
22.30
34.70
44.00
24.40
18.20
44.30
26.00
44.70
21.90
46.20
5.30
20.00
38.00
25.70
46.90
12.20
7.10
3.10
21.50
13.30
11.40
11.30
7.00
14.30
9.50
21.00
5.60
44.00
41.50
44.20
43.20
11.70
34.30
25.00
10.20
8.70
17.70
46.40
46.40
16.20
39.30
46.10
1.00
11.90
26.90
35.80
16.70
28.10
4.70
43.10
7.20
17.20
2.80
29.00
13.20
5.50
17.60
14.30
29.90
41.00
0.20
45.80
38.20
31.70
19.40
16.40
12.90
37.00
32.70
30.60
21.30
12.90
28.10
33.80
9.00
20.00
6.00
40.60
6.30
46.30
33.30
3.00
49.30
18.70
38.00
11.10
25.30
38.10
25.20
49.40
39.40
43.70
6.20
19.80
22.90
28.60
31.70
10.80
31.10
19.50
19.50
7.40
2.10
18.40
4.70
35.00
7.90
24.50
44.20
35.20
14.80
36.80
31.20
26.90
19.90
8.30
38.30
21.70
42.10
10.70
38.90
5.90
23.60
43.90
8.90
46.00
20.20
1.50
39.70
36.10
30.40
3.50
26.20
26.20
35.60
4.40
0.90
23.70
7.80
39.90
41.10
7.90
27.60
24.50
16.80
0.50
35.50
31.60
11.90
14.70
25.40
0.20
17.60
25.80
20.20
16.50
31.90
28.70
36.80
24.60
47.10
44.90
13.50
17.10
7.00
48.20
10.30
23.50
19.30
45.00
23.70
9.40
28.10
27.30
8.30
10.40
30.90
15.30
4.60
41.40
38.10
46.20
26.80
12.40
1.70
4.40
33.50
4.40
1.80
5.70
22.90
15.10
27.60
43.80
33.50
9.70
27.70
24.50
39.00
30.00
10.20
19.80
36.60
45.90
7.20
26.90
25.30
44.40
3.30
14.60
46.50
34.50
22.50
18.70
10.60
9.70
30.40
33.00
6.20
24.10
7.40
26.80
33.20
4.40
30.20
42.00
5.90
38.50
25.60
10.20
44.50
6.30
40.00
42.20
19.70
8.40
36.60
41.60
38.10
28.80
4.00
15.70
10.50
44.80
31.60
29.50
45.30
28.40
46.10
29.20
36.10
18.80
29.30
48.90
6.90
45.60
2.40
7.10
16.90
40.10
26.00
34.80
49.30
31.90
45.70
19.10
23.60
22.50
0.80
4.10
6.70
13.70
17.50
9.90
44.50
43.50
41.80
32.10
36.20
26.80
15.80
2.70
14.10
22.20
30.30
11.60
49.80
31.40
45.10
12.40
14.10
18.60
2.30
8.00
42.80
4.40
28.10
49.40
1.40
26.80
20.60
16.70
20.60
5.00
1.60
16.20
18.10
33.80
39.90
8.10
17.80
17.80
35.60
48.20
40.50
6.70
11.70
37.00
19.20
15.50
4.80
29.70
36.70
13.60
15.20
40.10
7.30
32.30
2.20
33.60
39.40
21.90
27.10
9.90
31.10
11.00
23.20
12.10
14.00
10.50
43.40
37.70
21.80
9.70
9.90
1.60
35.50
42.80
13.70
14.30
12.10
1.90
44.70
30.10
11.80
11.80
19.40
19.50
14.30
25.70
18.80
34.40
12.40
28.30
16.70
39.80
37.60
41.80
10.30
10.40
28.60
48.20
35.50
48.30
37.30
39.40
40.80
39.00
5.50
36.40
8.20
39.40
5.80
45.10
31.30
36.40
1.10
47.10
21.00
16.30
19.70
8.10
34.90
23.50
9.00
30.00
28.60
21.60
49.30
27.90
15.50
30.30
42.30
19.30
4.30
43.70
41.60
33.70
27.50
6.00
22.40
10.90
17.30
3.30
37.10
38.10
7.50
17.30
0.00
31.80
15.20
4.10
38.60
17.90
28.00
12.10
46.30
2.30
33.20
5.30
22.80
22.80
6.20
24.00
9.20
3.10
30.70
49.20
48.50
45.90
37.80
28.90
49.60
32.70
27.20
35.50
48.90
17.50
24.20
25.20
40.20
14.80
12.20
46.50
24.80
5.30
48.20
11.90
47.10
33.20
4.00
6.50
24.60
36.50
23.30
35.40
38.00
38.00
20.70
39.60
5.80
3.00
42.80
37.80
47.70
5.90
21.10
28.80
36.40
34.20
31.90
18.10
9.70
17.90
12.90
46.70
45.80
34.80
28.50
20.70
6.20
37.30
48.20
15.30
43.90
14.90
3.60
46.70
10.30
8.20
44.30
9.30
38.70
3.40
5.90
4.20
9.80
46.10
3.20
9.40
15.20
8.90
8.90
36.20
1.00
49.80
22.70
11.80
48.80
46.40
14.10
40.20
23.00
9.10
49.00
21.60
45.60
16.70
23.60
40.30
0.30
46.50
23.80
2.70
23.60
17.60
19.50
14.60
39.30
47.50
2.50
37.90
2.00
0.40
31.20
35.20
46.90
13.20
29.20
16.00
31.90
7.30
13.90
38.40
23.80
38.30
45.70
37.00
43.50
3.20
21.30
43.00
25.50
47.70
48.90
26.30
4.50
29.90
13.10
26.40
17.40
48.30
32.70
10.40
44.60
9.10
48.60
39.70
7.60
39.40
2.30
13.80
19.80
2.10
8.50
27.20
16.30
33.10
21.50
27.80
15.30
42.70
17.40
17.60
42.60
2.00
24.60
21.30
3.10
23.60
25.70
29.80
38.40
35.20
7.30
41.60
42.90
2.00
29.80
37.50
4.30
34.40
39.70
43.10
29.00
17.90
34.00
16.80
10.00
8.30
37.80
37.40
12.70
4.00
6.20
13.90
43.60
28.10
23.90
3.20
22.80
5.20
11.50
14.60
34.50
22.30
19.00
44.00
49.40
45.50
48.40
31.60
31.60
40.00
24.20
10.70
2.10
35.50
12.10
19.80
4.80
0.30
28.00
20.10
32.30
34.10
49.20
48.20
35.60
24.50
4.00
33.60
36.00
41.60
16.50
5.80
11.20
22.60
33.10
37.40
7.30
7.30
19.70
8.30
33.40
31.10
33.30
14.70
36.00
17.80
45.80
27.60
10.20
23.20
0.60
12.10
36.70
20.30
48.30
6.90
48.30
32.70
12.20
37.30
17.80
45.60
49.90
13.20
14.90
2.80
3.80
25.80
3.70
25.40
12.20
22.20
41.30
35.60
33.70
18.40
45.90
11.00
49.20
25.20
37.90
42.50
28.00
43.50
43.50
43.50
19.80
6.60
48.20
41.60
3.60
45.60
5.20
49.70
6.90
20.20
36.50
14.20
31.50
2.40
11.30
44.90
36.00
35.60
30.10
37.70
44.50
48.20
29.70
45.40
49.60
39.90
5.70
20.20
13.70
34.80
14.30
9.40
18.70
21.80
24.20
10.40
23.60
45.60
34.80
45.30
37.30
39.60
45.30
2.90
40.90
26.30
0.70
47.40
32.50
11.80
4.20
40.00
14.70
44.10
15.80
48.10
48.10
5.50
20.60
43.10
15.40
3.90
5.10
44.70
13.80
12.10
13.00
42.60
29.70
34.00
8.40
40.60
7.80
10.30
26.60
47.90
35.40
41.30
36.20
10.30
2.80
30.70
34.60
1.20
39.00
25.20
42.00
13.30
12.20
0.30
29.00
22.80
31.90
30.80
30.70
15.90
42.20
47.90
33.20
20.80
14.10
22.80
45.70
16.50
0.10
9.30
2.30
41.10
6.90
41.50
15.00
14.30
31.60
3.60
15.70
38.90
19.70
6.60
5.30
6.80
16.00
3.40
38.30
33.20
49.80
10.70
32.50
16.60
39.00
28.00
5.90
6.70
2.50
15.10
29.80
43.90
49.60
12.20
48.90
0.10
5.50
19.10
38.50
22.70
33.30
27.80
1.30
45.90
45.90
18.10
18.10
36.90
39.40
33.90
25.20
43.60
48.20
21.40
45.80
32.00
35.20
45.20
48.00
48.00
23.00
10.70
3.60
0.80
45.80
16.20
4.30
15.40
13.50
49.50
12.30
14.90
5.90
24.80
24.80
29.00
44.90
45.40
32.00
47.10
47.10
30.60
42.60
18.40
26.90
11.60
23.20
21.40
32.20
34.00
34.00
44.60
41.50
44.20
17.80
44.70
10.20
35.80
2.50
10.20
1.60
4.10
35.60
15.70
37.50
4.30
39.30
48.50
31.80
18.00
17.60
47.70
34.50
20.00
28.90
4.00
28.80
11.60
31.20
33.30
38.90
48.30
47.60
20.40
13.60
21.30
13.30
23.60
30.40
30.40
9.20
17.00
10.20
49.40
17.60
7.20
7.20
15.00
25.40
6.70
42.50
44.10
40.10
24.20
9.70
34.30
44.60
39.70
22.30
8.10
8.10
31.30
34.20
33.70
25.00
34.30
10.60
46.90
19.40
43.20
28.30
17.50
39.20
29.10
4.40
29.20
2.90
39.40
29.80
18.50
18.50
12.40
7.40
1.20
43.60
35.40
6.20
23.60
36.00
38.40
22.20
31.30
32.00
1.60
46.20
48.00
19.90
15.30
24.70
1.10
20.70
35.60
40.30
27.20
49.80
12.20
15.70
48.80
43.30
6.80
24.80
9.80
5.90
2.70
43.00
48.90
16.70
16.40
13.80
12.20
11.80
33.00
37.80
38.10
32.10
33.90
10.30
10.30
31.80
38.80
31.50
41.50
36.60
41.50
45.60
8.20
44.90
44.80
33.10
18.10
37.70
42.50
45.00
42.30
34.40
7.60
0.10
45.90
22.70
24.00
25.00
27.00
33.70
24.00
41.60
32.50
15.70
30.70
32.60
39.80
20.60
29.80
28.70
28.40
41.40
49.40
34.60
8.70
47.70
17.90
35.80
21.50
44.50
11.50
18.80
4.60
23.80
18.70
12.20
49.00
34.50
29.80
31.80
21.20
39.30
8.20
36.70
9.10
43.40
3.00
34.80
21.60
1.40
18.90
2.00
46.50
25.50
36.00
35.20
18.20
24.00
34.60
4.20
39.60
27.80
19.00
29.20
39.90
14.30
48.80
23.50
25.60
17.10
10.20
48.70
5.70
0.60
0.10
24.40
5.80
29.20
29.60
29.60
31.30
16.40
36.60
27.80
7.90
44.90
34.30
25.90
19.40
22.60
38.40
40.10
18.50
9.20
9.20
1.40
3.40
4.10
33.90
47.50
1.70
10.70
16.60
26.60
29.40
28.70
2.70
33.30
32.50
8.80
23.20
23.90
2.60
45.50
12.30
30.70
20.40
23.10
32.80
30.50
10.90
35.40
32.30
17.40
38.30
35.70
24.90
4.40
4.00
17.60
36.50
5.30
5.30
34.80
3.00
3.00
47.80
41.80
3.70
49.00
10.30
26.60
25.40
13.10
45.00
1.50
5.00
5.10
0.80
0.90
36.60
46.40
20.90
47.20
20.30
23.60
28.90
32.50
22.90
3.10
11.00
6.00
43.80
4.50
44.70
23.80
17.80
1.90
38.20
17.90
18.20
18.80
18.80
30.30
8.90
24.70
32.10
43.50
0.70
2.60
1.50
0.80
19.20
21.00
43.80
45.50
1.30
7.70
10.00
3.40
41.70
36.50
10.70
40.60
28.90
11.60
2.90
31.10
36.80
43.10
12.50
30.30
38.10
13.10
23.40
40.30
24.90
17.00
24.20
5.90
40.50
28.70
23.50
6.40
3.30
24.00
12.50
18.80
49.80
27.50
35.40
30.00
22.10
44.40
19.80
28.80
23.10
27.10
5.60
16.60
33.10
45.60
37.20
45.60
41.00
10.00
15.80
15.80
32.90
0.40
0.20
29.40
14.40
19.70
21.60
22.80
41.80
19.80
28.50
2.10
46.20
9.50
48.20
37.90
39.20
19.20
30.20
39.50
10.70
5.20
14.00
10.10
24.30
29.60
19.60
49.40
37.90
22.50
6.70
5.80
28.20
43.00
47.50
23.30
20.50
20.50
39.80
9.90
46.10
22.70
20.10
34.80
46.20
23.80
34.70
14.00
0.50
30.30
44.20
21.00
30.60
35.00
48.60
44.00
35.20
22.20
37.00
39.60
28.70
27.20
9.10
0.70
35.00
17.00
36.30
45.50
6.00
26.50
30.10
15.80
2.50
25.80
1.90
41.20
5.60
2.40
24.20
37.60
42.10
32.90
32.00
3.50
36.30
6.10
30.90
1.90
14.00
9.90
23.50
13.00
26.30
39.20
18.10
23.70
2.70
47.30
28.20
10.60
47.40
27.10
13.80
45.80
29.50
36.70
25.50
5.90
30.00
42.50
38.80
2.70
36.80
2.80
6.60
23.90
19.50
36.40
35.70
23.90
8.10
35.00
13.90
6.80
15.90
32.20
39.60
13.80
0.20
34.50
48.20
41.40
18.70
45.10
6.30
2.60
37.60
41.70
13.90
16.60
5.10
46.30
3.20
32.00
11.80
47.60
39.90
34.70
34.40
49.10
49.50
44.30
49.10
5.50
20.40
14.10
41.00
38.10
0.40
11.20
49.80
40.20
26.60
10.00
19.20
3.60
49.20
12.20
34.20
35.60
35.10
5.60
19.50
47.30
13.30
31.70
18.60
49.00
30.20
39.50
36.50
5.00
42.50
27.90
14.60
18.40
49.00
48.10
47.70
0.70
3.70
23.30
27.90
40.60
35.10
27.30
24.50
0.10
8.40
18.60
10.60
46.60
33.40
27.80
36.00
5.10
45.60
17.10
8.10
13.70
48.80
7.00
14.80
35.10
7.40
33.90
10.50
3.70
39.20
24.70
47.10
25.00
15.90
45.70
9.40
29.40
40.10
28.50
4.60
39.40
25.50
11.30
10.00
10.00
18.90
7.70
47.70
26.40
13.60
29.50
49.40
37.90
22.50
24.70
27.00
41.30
13.40
24.00
2.70
8.90
31.90
40.10
1.40
25.50
46.30
46.30
43.10
19.70
13.30
42.20
14.00
26.60
12.70
5.50
39.80
27.30
3.10
24.60
49.10
11.50
0.90
19.80
7.80
23.00
19.80
45.60
43.40
9.90
9.90
23.80
33.10
4.80
5.90
38.50
12.40
14.70
49.50
48.20
39.60
38.50
12.30
34.10
19.60
46.10
9.90
12.40
7.40
30.90
0.50
39.20
40.90
6.80
17.10
12.90
12.90
27.80
21.30
6.60
45.20
6.00
8.30
23.10
20.80
19.40
20.20
5.50
11.70
24.30
46.60
14.70
13.80
2.30
28.80
43.10
33.70
13.70
6.70
16.80
34.20
16.80
21.50
24.00
29.40
41.00
28.80
9.60
38.60
48.60
22.40
26.80
9.80
42.70
34.70
17.40
14.90
18.70
19.00
46.00
29.40
48.20
24.20
22.60
45.10
35.50
0.70
33.80
4.00
33.10
35.80
23.00
16.20
20.70
36.30
10.90
25.40
8.40
49.10
7.30
22.60
35.20
28.00
9.70
43.90
17.10
28.00
12.20
32.70
10.30
1.10
23.30
49.40
6.00
38.20
24.10
17.20
20.00
20.00
3.30
11.20
8.70
47.20
21.70
16.70
37.80
44.70
49.40
47.20
5.90
21.60
19.70
40.10
32.40
44.40
23.20
5.20
35.60
38.10
30.30
4.40
17.50
48.10
4.00
20.30
29.40
30.30
1.30
42.40
25.70
42.30
36.40
29.90
25.20
4.00
47.40
36.00
30.20
6.70
6.70
48.30
28.20
9.60
8.00
8.00
20.60
33.10
33.10
40.50
19.10
37.50
37.20
0.80
22.50
38.40
17.00
21.40
44.40
21.10
6.80
17.80
47.20
5.70
21.80
33.40
33.40
34.20
32.30
43.40
0.80
49.10
44.50
14.40
34.50
45.50
25.90
18.10
8.30
8.30
18.10
30.40
48.80
49.70
29.90
11.10
33.20
7.60
18.80
45.00
4.60
9.40
17.40
27.00
22.20
43.30
38.00
14.80
16.90
20.30
14.20
15.40
47.00
28.60
11.50
36.80
17.20
23.30
17.80
3.20
46.10
49.80
8.10
20.20
30.20
33.30
33.30
20.30
37.00
43.80
7.80
6.60
10.10
47.00
3.20
23.30
28.20
13.20
13.20
25.10
8.40
8.40
40.30
34.20
32.70
45.60
40.50
6.30
28.80
29.70
29.00
10.30
24.60
23.00
22.40
45.30
14.10
22.70
38.30
10.80
25.90
42.70
42.70
22.00
27.60
20.30
46.30
44.20
46.20
46.60
39.50
18.60
24.40
17.70
13.50
22.00
9.20
29.40
29.40
23.20
38.50
38.10
17.70
19.90
11.60
18.60
6.60
21.70
7.80
24.70
19.00
45.30
41.80
18.30
42.50
5.70
8.40
35.00
28.10
9.40
44.80
46.00
18.20
5.80
15.70
15.70
38.80
33.00
26.60
38.00
36.30
26.80
35.10
33.90
14.70
23.30
11.80
9.00
46.40
2.00
41.40
49.80
5.60
49.10
14.20
35.30
21.90
21.20
27.10
25.60
0.90
29.70
10.60
28.00
23.30
42.40
20.80
49.60
44.10
41.10
31.90
42.40
31.90
32.50
7.10
20.30
44.10
43.60
19.70
5.80
31.10
38.80
44.80
12.60
27.30
41.40
38.30
38.40
38.80
13.50
41.20
9.20
21.40
12.10
27.10
25.40
41.60
18.20
28.00
17.10
10.00
4.10
4.10
9.40
9.40
8.10
37.90
15.00
30.90
30.90
16.90
37.80
10.70
31.50
15.40
45.80
33.60
24.60
13.60
3.60
3.20
13.20
24.90
21.10
35.90
10.40
10.70
0.50
49.80
17.10
13.70
45.90
10.80
23.70
29.10
21.70
38.30
8.50
1.80
15.20
29.40
47.30
28.90
0.80
18.00
33.60
36.50
35.30
29.00
2.50
20.60
27.50
15.60
48.40
13.40
32.40
9.70
30.40
2.40
10.50
21.20
35.10
12.50
19.30
34.10
6.80
26.60
12.10
22.60
17.80
3.30
5.00
39.00
29.70
29.20
3.50
8.70
21.80
30.20
47.90
23.90
22.30
3.90
17.10
31.20
23.70
37.20
27.10
42.60
49.00
16.30
45.80
1.00
35.30
5.10
47.60
10.00
7.40
7.40
43.60
32.20
14.70
4.40
1.00
49.70
22.50
22.30
9.40
0.80
30.90
43.40
40.00
42.00
31.80
12.00
17.40
0.80
49.70
18.90
39.60
35.60
38.40
43.60
8.40
23.90
11.30
10.00
13.30
44.40
31.20
47.50
31.80
39.90
44.90
41.60
26.50
31.00
3.10
12.00
4.60
43.30
48.60
31.10
9.30
2.40
5.30
8.50
12.60
9.30
3.70
17.10
32.60
38.50
12.90
5.60
14.90
3.20
12.30
26.50
34.80
9.70
38.60
12.80
46.80
20.20
7.70
27.90
25.50
45.00
45.00
27.00
48.60
37.90
9.50
10.80
4.60
0.20
17.00
37.50
47.90
10.50
9.20
7.40
24.00
21.50
46.70
33.40
7.20
25.80
13.80
22.70
10.70
19.20
16.30
29.80
7.80
5.30
31.70
25.10
29.00
29.50
47.70
45.50
13.30
8.60
19.70
4.30
49.90
44.80
13.70
49.10
5.00
27.10
32.60
18.60
36.60
6.70
8.10
20.60
20.40
32.20
15.30
35.30
4.50
13.90
14.10
32.70
44.90
31.20
29.40
9.00
26.90
21.00
6.60
45.90
2.60
7.30
16.90
15.70
11.50
7.00
22.00
5.80
29.00
36.30
18.30
16.00
1.60
0.40
49.60
10.80
5.00
45.70
24.80
8.40
5.70
9.80
43.70
28.20
15.70
24.90
22.70
5.90
31.30
12.70
27.10
20.50
46.20
46.20
38.30
47.60
48.90
12.20
7.20
23.60
28.90
29.60
37.70
16.70
4.10
23.40
19.50
36.80
14.00
44.10
35.00
17.50
10.80
22.80
45.20
41.00
40.10
19.20
5.60
22.30
26.70
42.70
29.20
31.70
32.70
13.50
29.90
31.70
40.90
24.20
42.20
12.60
15.20
0.00
8.70
9.60
17.40
11.00
49.30
38.70
17.90
29.90
38.00
4.70
3.00
33.50
15.30
36.90
38.40
33.30
45.00
9.90
32.90
13.60
0.70
26.70
17.70
0.70
46.90
28.60
25.50
47.90
20.50
40.10
2.90
33.80
27.00
18.00
4.30
39.30
16.30
29.40
46.80
41.60
28.10
9.40
31.00
28.60
10.70
12.60
46.10
38.80
37.50
34.40
17.80
16.60
25.20
49.00
14.90
24.80
29.40
14.30
9.50
28.90
30.50
31.20
19.60
11.80
13.80
28.90
20.40
27.10
29.10
13.50
49.10
44.10
0.30
30.40
32.80
16.90
0.30
17.20
6.20
48.00
31.10
35.60
11.90
40.70
28.50
33.60
35.60
18.80
26.80
22.70
14.80
30.70
49.60
26.60
28.50
38.90
5.30
15.10
24.20
14.00
48.40
2.80
35.60
12.20
41.60
25.90
43.90
49.10
24.00
7.80
25.20
44.00
21.30
2.40
33.50
45.10
7.20
40.10
46.80
24.10
45.80
21.30
2.40
37.40
35.30
47.30
11.10
42.90
26.50
17.40
30.40
20.10
34.00
7.60
5.80
35.30
41.10
35.40
38.10
49.40
34.90
28.80
20.40
9.00
7.20
4.30
22.60
32.60
16.20
48.90
3.10
20.70
1.80
45.60
36.00
5.30
33.10
23.90
32.40
34.50
45.50
26.20
45.50
38.60
26.20
16.50
10.90
27.40
44.80
44.80
27.80
44.40
19.10
0.20
31.10
46.10
1.40
28.30
40.70
8.60
8.80
49.50
26.60
25.50
40.00
25.20
23.70
19.90
4.80
45.70
31.30
15.90
28.30
49.50
32.00
42.30
22.60
30.10
44.00
15.10
20.10
41.10
9.90
29.20
15.60
26.10
11.70
42.60
4.70
9.50
37.90
48.80
8.20
26.90
6.20
33.30
24.30
31.80
37.90
43.30
39.60
24.50
12.70
4.30
35.60
25.60
11.70
29.10
12.10
22.50
20.80
42.90
1.10
4.00
13.60
22.40
44.60
39.30
34.40
12.10
0.10
27.40
3.90
16.80
47.10
29.30
25.20
42.00
13.50
41.70
12.70
1.80
26.40
12.30
27.20
33.70
30.60
28.60
11.40
49.80
27.70
45.30
5.60
3.30
21.90
38.00
34.50
36.50
39.00
45.40
29.30
29.30
44.60
38.50
41.60
44.40
17.60
38.00
18.50
45.60
0.50
12.00
24.50
41.90
34.10
14.60
31.60
24.10
11.00
35.20
12.80
6.80
27.40
5.20
33.50
46.70
17.60
46.70
3.40
43.10
24.90
14.70
32.90
49.70
45.00
17.30
6.10
2.70
9.80
0.90
32.00
22.00
27.10
0.60
41.20
27.00
5.90
24.90
23.00
25.70
3.80
35.80
25.00
11.70
6.10
35.20
25.80
33.10
12.20
27.20
11.00
11.00
12.90
31.80
22.10
23.10
35.80
27.50
2.60
29.90
47.70
40.70
29.70
10.60
2.60
1.10
18.50
26.80
42.80
36.80
32.40
37.90
20.90
20.40
12.70
35.60
20.30
48.30
41.10
16.30
36.90
26.80
49.10
41.30
1.50
39.60
16.30
27.70
22.00
43.00
30.90
26.00
16.80
28.00
25.00
25.60
37.10
46.50
4.90
48.20
21.50
27.90
44.40
15.80
33.90
46.90
1.70
15.80
47.00
48.70
26.00
45.60
14.10
3.50
7.50
23.00
12.30
35.60
9.60
45.40
45.40
40.40
1.40
18.40
7.50
48.30
45.90
32.40
44.40
0.80
10.20
35.70
29.50
29.50
35.70
3.30
32.20
16.00
19.60
12.30
13.60
41.70
10.80
6.40
28.20
10.50
10.50
43.70
13.50
4.20
33.40
28.50
26.40
41.40
39.60
0.60
12.00
35.20
19.30
27.60
1.50
15.70
37.70
9.20
48.30
6.80
9.80
24.00
23.60
48.90
23.80
21.80
25.80
9.50
29.50
27.50
13.20
10.20
37.00
40.00
28.80
19.50
35.60
36.30
36.10
45.30
37.40
18.90
48.80
46.70
18.60
29.40
19.90
19.90
17.30
11.20
16.30
49.00
36.70
28.20
15.20
11.10
42.40
30.80
3.10
28.80
22.10
43.10
45.10
27.30
10.60
20.30
48.50
9.80
28.90
22.00
7.00
29.50
15.40
47.50
44.60
34.50
22.00
39.60
22.90
36.80
26.90
32.60
21.30
35.10
5.30
10.10
32.60
3.10
41.60
13.70
25.00
3.00
23.50
41.70
48.80
30.20
32.90
9.60
40.40
13.20
26.40
39.70
22.40
21.40
37.40
46.00
24.90
44.80
36.60
26.60
40.70
31.20
44.30
23.90
16.60
24.60
1.80
31.50
14.30
8.30
28.80
47.20
6.20
8.90
0.60
29.90
36.20
25.90
30.60
15.70
14.50
15.30
48.00
1.70
49.00
12.10
32.60
28.10
38.30
30.00
23.30
37.70
7.20
34.10
2.20
28.30
32.60
6.90
4.50
5.80
15.10
25.10
40.20
13.10
39.20
13.70
25.90
42.40
39.30
49.00
32.60
26.60
37.10
5.60
17.60
48.70
26.10
38.10
26.20
18.80
5.40
30.00
13.80
29.60
45.60
32.50
8.40
28.80
13.40
30.80
34.40
10.00
34.00
2.20
7.90
24.70
34.40
38.70
12.60
6.20
37.20
31.80
8.80
34.50
0.70
36.00
24.60
20.00
29.50
3.40
17.50
41.50
6.20
13.50
48.00
5.10
6.80
35.70
35.20
22.70
42.00
28.00
1.00
42.80
19.20
21.50
37.10
45.90
26.80
13.70
15.40
20.40
27.40
29.30
47.60
33.50
31.10
24.30
33.00
49.20
2.40
2.90
10.00
17.70
49.00
19.70
11.60
27.50
13.70
45.70
19.50
34.40
6.30
31.90
9.40
33.00
36.20
34.40
2.20
45.20
8.70
20.00
0.30
32.70
20.20
37.90
43.80
39.10
39.90
28.80
12.20
29.10
30.50
13.20
48.60
45.10
18.70
41.90
46.50
4.70
0.70
17.30
21.40
27.60
13.30
25.80
18.90
25.20
3.10
33.90
43.40
41.30
12.80
9.20
22.60
48.10
1.60
0.50
48.80
32.50
30.20
12.50
24.00
22.90
37.50
5.80
18.30
41.90
28.30
2.10
49.20
19.60
38.30
0.30
32.90
44.50
36.30
34.90
12.70
45.90
21.40
22.60
33.60
27.50
46.00
37.30
14.30
33.00
2.70
5.40
34.50
28.40
4.90
16.70
10.70
11.70
1.50
31.10
24.20
10.60
16.90
13.00
49.30
13.40
45.10
6.20
3.70
29.90
13.00
25.40
19.70
23.50
37.00
2.30
32.90
19.30
21.20
24.40
2.80
45.90
33.80
16.30
33.30
1.40
43.00
18.80
18.50
34.60
17.70
30.40
17.80
34.10
1.00
5.00
25.20
45.10
16.50
20.10
13.50
8.40
33.30
34.00
5.00
42.10
41.20
7.10
11.00
0.90
15.90
29.70
16.20
37.20
37.70
4.50
40.50
40.30
38.50
40.90
23.70
46.80
14.00
17.40
37.60
11.70
11.70
34.70
9.00
41.70
8.60
25.10
18.70
17.90
6.50
13.50
21.60
38.80
32.50
33.40
19.30
30.20
6.60
33.80
39.70
27.90
46.90
36.00
13.50
16.10
25.10
19.40
4.30
41.70
2.30
45.50
36.80
33.50
5.90
25.30
21.40
49.70
38.60
23.60
43.80
14.60
4.70
2.30
43.90
21.70
18.70
36.90
21.20
46.50
32.70
11.30
7.90
43.20
21.40
36.60
23.90
16.40
16.40
14.70
28.70
8.50
12.60
21.50
30.20
8.00
25.80
35.90
38.70
33.30
17.90
17.10
3.30
17.50
5.20
21.80
2.30
36.80
25.30
2.80
46.90
8.70
42.50
31.50
31.20
43.60
41.90
41.10
2.00
28.30
40.00
20.40
1.20
12.90
44.90
7.90
2.40
20.20
1.60
42.60
48.20
2.70
32.70
12.90
32.70
2.50
7.80
12.20
14.90
39.60
3.90
3.00
3.90
13.50
20.20
35.50
20.20
36.70
43.30
47.80
21.70
0.70
35.10
46.50
46.90
25.20
43.10
7.70
34.10
45.30
34.60
44.10
38.50
15.50
8.20
23.40
0.80
10.10
6.10
17.00
2.70
7.60
6.00
2.80
12.30
43.70
26.60
37.10
31.60
32.50
25.50
3.90
18.40
33.50
11.40
8.00
29.10
31.80
26.00
47.40
15.50
19.40
1.80
37.10
36.20
35.60
18.60
40.10
8.50
17.90
17.50
39.30
15.80
20.30
8.20
12.40
37.20
15.80
37.20
0.30
4.50
44.60
7.40
34.90
33.20
21.20
39.60
11.50
22.60
8.40
13.20
25.70
30.60
21.00
35.90
35.90
45.00
1.80
39.60
39.60
40.90
9.60
29.10
21.20
5.50
13.50
25.80
43.50
39.10
5.00
14.70
32.80
42.90
8.10
38.20
36.00
1.50
37.30
29.80
7.30
49.70
41.90
33.40
0.10
9.00
39.10
48.50
13.70
37.50
7.60
45.30
42.30
14.60
6.00
20.90
33.30
12.90
31.20
49.50
19.60
45.50
18.50
31.70
11.90
5.40
30.60
42.80
48.00
46.40
33.20
33.10
31.10
32.00
30.70
26.70
47.60
49.70
2.20
16.80
20.80
37.10
48.80
48.80
45.40
7.80
12.00
31.50
31.50
4.60
41.00
13.80
40.10
24.40
11.30
2.00
26.90
34.00
46.30
4.20
24.70
11.50
47.60
37.70
45.90
4.60
4.40
18.60
14.60
19.70
28.90
28.90
40.60
6.70
41.60
12.60
19.20
38.80
22.00
17.80
18.70
14.60
42.10
26.40
8.00
36.30
15.10
1.30
48.50
41.50
37.20
30.40
45.40
31.10
38.00
7.50
38.00
41.70
7.20
40.30
46.50
48.50
24.30
27.30
6.10
23.40
17.60
23.30
43.90
14.20
41.00
34.30
32.10
38.00
11.00
46.50
1.50
34.50
15.00
49.70
20.20
15.50
21.10
33.80
25.70
34.40
39.30
21.10
35.60
34.30
5.10
22.60
9.40
47.40
5.30
42.30
26.50
29.40
16.00
26.40
27.70
46.70
21.90
12.10
28.80
28.60
11.20
4.10
19.50
13.60
31.30
29.10
17.60
42.70
49.40
28.30
18.20
1.60
32.60
25.80
15.40
5.10
8.40
27.80
39.30
30.70
3.00
1.70
42.80
41.60
22.40
32.90
25.60
27.90
1.40
34.70
36.40
22.60
17.70
26.70
29.10
2.30
43.00
37.60
38.20
13.50
8.30
30.30
22.20
31.20
13.20
8.10
40.80
6.00
1.90
21.00
3.50
34.00
45.90
24.30
23.20
20.80
44.40
41.70
23.10
2.70
21.20
0.80
3.80
40.50
42.80
29.40
35.70
47.90
17.80
26.90
5.40
18.00
35.90
40.20
46.30
3.70
17.50
22.70
3.10
10.10
40.00
4.50
36.50
46.90
47.80
39.00
24.20
14.90
28.60
2.80
28.00
19.60
9.50
18.10
11.30
18.40
31.30
39.00
40.40
8.40
18.10
34.00
38.30
43.00
0.50
36.80
37.50
38.60
37.00
49.90
16.50
44.40
44.80
11.50
24.00
20.50
13.00
13.00
14.30
16.90
16.60
13.20
19.90
27.80
39.40
1.90
27.40
1.90
30.10
5.60
38.40
25.80
27.20
34.50
38.30
44.10
28.20
45.20
21.80
2.00
44.00
0.10
24.30
31.00
25.30
46.80
6.10
34.80
4.50
16.50
19.90
8.70
49.10
37.90
20.80
47.40
2.60
43.10
17.70
38.60
34.40
28.80
49.20
34.40
38.30
32.20
19.00
10.90
16.50
4.30
8.50
36.60
6.30
22.90
2.60
6.60
19.20
25.40
6.00
41.70
28.70
32.50
29.30
47.40
46.60
12.20
33.70
30.50
34.60
15.60
3.50
0.10
21.20
11.90
35.90
21.50
1.80
10.70
4.40
10.00
21.40
4.10
26.00
15.60
38.40
35.60
30.50
5.90
17.60
20.40
30.00
19.50
18.30
11.90
1.30
36.70
7.00
6.40
41.80
37.60
13.60
17.70
30.50
46.40
38.30
13.30
26.00
16.00
1.90
7.00
3.60
14.60
21.00
12.50
3.40
36.00
43.30
5.70
12.20
33.00
24.70
32.70
31.60
47.40
22.20
43.20
23.90
2.70
48.80
40.80
34.20
47.60
28.40
8.90
4.30
26.10
9.50
42.40
7.10
11.50
18.60
44.80
41.90
35.20
21.90
5.00
41.30
31.60
11.00
32.70
13.40
2.30
39.90
11.20
18.20
29.30
43.30
35.20
6.50
5.20
45.70
23.90
20.90
26.30
10.00
46.10
46.70
38.70
40.30
2.70
42.30
6.80
49.80
10.30
5.20
17.70
23.50
49.10
3.70
45.80
9.00
4.50
24.80
6.00
1.40
38.50
33.70
7.20
25.60
19.50
33.10
17.50
44.40
8.60
8.60
3.40
33.40
31.80
10.80
14.70
43.90
28.30
10.00
1.60
43.90
39.30
16.90
35.70
0.50
34.30
14.10
30.30
2.10
27.60
43.50
45.10
46.80
45.50
15.50
22.90
32.90
5.70
11.10
36.00
46.10
6.40
7.50
38.40
9.50
4.40
0.10
24.80
8.50
26.60
40.10
11.40
42.00
23.60
15.30
39.10
5.00
3.70
36.30
21.30
13.90
23.40
44.30
0.50
8.90
23.70
8.20
44.80
40.60
33.90
7.30
20.20
26.70
10.50
41.20
29.80
41.50
33.70
29.10
22.80
11.20
25.00
49.90
42.00
12.50
2.40
13.10
8.40
44.80
34.30
13.60
32.90
7.70
17.00
12.50
47.50
20.20
36.20
30.50
37.50
15.80
15.90
10.80
48.00
12.10
46.60
29.30
16.30
5.50
22.40
4.90
40.00
5.00
13.60
46.00
25.80
17.60
36.00
18.20
14.90
35.70
16.50
43.30
39.50
28.00
23.80
25.50
22.80
22.60
42.00
49.50
42.40
25.40
35.00
0.20
32.40
37.40
22.40
1.00
33.00
31.90
7.30
16.40
19.30
33.70
23.40
7.00
14.60
28.30
8.40
9.80
31.20
13.10
21.60
27.60
40.10
33.00
20.40
12.30
41.20
16.80
37.20
45.90
23.20
41.30
49.50
23.30
36.90
38.50
31.70
42.90
45.40
16.60
44.00
27.60
30.10
0.60
45.60
26.70
42.00
17.90
20.90
2.80
12.80
23.20
37.20
15.70
31.90
13.60
42.00
4.50
34.70
49.60
21.40
34.50
7.40
35.80
35.80
32.70
22.00
43.10
14.80
9.60
31.30
37.80
41.00
27.40
27.70
8.30
4.30
27.50
6.80
18.50
49.00
2.70
2.30
48.30
3.70
20.40
22.20
3.50
10.10
45.80
33.30
25.10
28.10
23.40
25.40
30.50
41.90
39.50
6.50
24.60
19.20
32.40
28.30
39.30
43.20
17.70
8.00
2.70
13.40
20.40
13.60
43.20
6.40
47.00
47.00
37.00
3.60
41.50
19.20
3.30
5.40
47.40
0.60
35.20
24.50
2.30
43.20
29.20
35.20
28.00
30.20
8.40
27.50
14.70
8.40
19.60
40.40
20.50
20.50
6.20
36.00
0.90
48.70
38.30
25.40
25.20
42.10
22.50
6.60
33.10
11.80
16.20
10.10
24.10
22.00
31.30
0.20
21.00
3.70
18.80
45.20
28.90
38.80
9.70
19.30
4.00
36.70
18.10
48.30
23.50
10.10
3.70
27.30
43.70
4.00
2.10
33.30
17.60
32.40
32.00
22.20
37.80
49.60
21.00
38.80
5.70
1.20
13.70
1.20
0.30
1.90
6.60
24.40
9.90
44.30
39.40
24.10
43.40
20.40
6.10
11.90
48.20
24.80
10.80
5.80
23.00
31.70
37.10
46.20
48.40
4.70
1.30
38.10
36.80
33.10
33.80
15.60
23.30
43.10
29.50
23.80
32.20
38.50
27.70
45.60
8.60
8.90
4.90
14.30
40.40
1.10
45.40
37.50
6.10
32.60
17.50
10.20
2.90
12.10
36.80
0.90
34.10
19.70
39.20
7.70
28.60
5.00
49.70
25.00
24.80
23.20
3.90
28.80
48.90
29.00
10.40
27.80
45.10
12.80
17.00
16.70
30.90
47.20
42.60
40.30
34.30
15.70
30.00
4.60
4.20
7.40
43.30
48.40
27.50
7.80
45.90
9.40
9.40
13.30
48.90
47.80
8.80
43.10
6.20
22.60
4.00
49.60
39.30
37.20
26.10
6.80
27.30
29.60
14.30
45.90
10.50
35.50
1.70
0.20
39.10
35.40
29.80
43.00
30.40
48.00
23.40
47.70
21.80
7.40
44.70
38.50
47.60
21.80
47.30
27.90
5.40
0.30
4.10
26.20
18.20
48.00
40.30
44.00
38.20
36.80
25.10
25.80
48.50
18.00
27.40
8.10
39.60
23.50
39.60
11.70
23.50
47.00
39.40
46.80
43.30
30.60
9.50
34.80
22.20
34.50
48.00
12.10
1.50
32.30
26.20
11.00
48.00
2.40
20.00
7.40
13.50
32.00
35.50
19.60
14.70
1.80
27.70
31.40
11.50
45.90
29.90
11.90
8.40
12.10
33.10
46.00
8.20
38.30
40.70
0.50
38.90
43.10
9.40
11.30
37.00
35.40
25.50
23.20
35.90
19.80
15.00
24.30
45.90
35.00
35.60
42.40
13.40
14.20
17.10
38.40
14.00
34.10
22.10
28.00
13.80
49.90
7.30
22.40
36.00
1.20
48.50
15.50
47.50
7.40
16.20
39.70
4.60
32.70
35.80
44.00
20.40
27.30
28.50
23.40
45.10
43.80
43.10
22.50
41.10
20.90
10.00
44.40
13.60
48.80
34.30
12.10
21.10
16.70
4.90
42.90
48.40
38.40
25.50
15.50
9.60
17.90
29.60
40.30
6.20
6.20
7.70
18.10
35.50
46.90
6.00
27.00
35.30
6.80
22.60
26.60
23.20
46.70
14.90
20.20
7.60
39.70
43.90
39.90
1.40
9.60
27.40
12.80
42.20
3.50
5.50
37.10
29.80
22.50
31.40
27.10
25.10
10.50
39.80
39.80
17.30
29.90
18.70
29.90
30.60
13.90
15.40
48.30
3.50
47.70
31.50
6.40
9.10
34.30
37.50
36.70
23.60
20.00
16.10
10.50
45.30
10.50
14.80
3.30
11.60
29.90
9.00
49.90
23.00
3.30
8.80
3.70
28.70
12.00
19.90
21.60
41.10
20.30
18.80
0.50
6.90
35.00
43.60
20.00
46.20
4.10
37.00
28.40
1.00
40.30
22.20
41.60
2.60
22.50
22.40
3.70
43.40
33.10
2.40
2.40
40.60
24.40
22.30
46.40
40.80
46.70
43.80
47.40
48.20
9.00
45.00
14.70
32.90
48.70
11.70
15.20
0.40
39.00
42.30
30.10
12.70
42.80
36.70
26.70
37.80
31.10
32.50
24.20
15.80
35.10
30.00
39.90
15.60
8.50
45.10
20.10
29.00
0.50
21.40
7.50
4.70
31.40
46.50
15.20
17.00
7.70
37.60
8.60
17.80
27.70
41.50
8.70
34.90
40.90
3.50
35.60
2.00
13.10
33.80
45.30
30.70
13.80
18.00
0.20
44.90
30.40
32.70
42.80
22.90
44.50
33.70
23.90
23.60
28.40
33.90
31.60
49.10
23.60
24.80
46.30
29.30
22.00
28.40
5.90
33.40
0.90
37.60
10.40
13.50
9.90
48.60
45.80
40.20
37.60
33.70
10.20
28.80
36.20
13.10
47.40
11.10
1.80
27.10
41.00
49.20
49.80
42.20
47.30
49.50
0.60
34.70
34.20
1.90
33.00
40.50
16.30
16.20
4.00
14.70
10.50
40.10
1.00
30.60
34.10
17.30
5.60
11.40
25.70
36.30
24.80
23.80
42.60
3.90
48.20
41.20
28.40
49.80
34.80
0.80
3.00
46.20
38.10
17.10
31.80
28.40
10.00
5.50
42.00
30.20
28.90
17.40
15.50
17.30
42.00
12.00
33.30
45.60
33.50
8.20
28.10
44.00
37.30
40.50
25.30
1.00
27.90
38.70
38.60
45.70
14.70
19.70
41.00
8.30
22.50
32.20
41.00
45.50
39.50
35.60
26.50
30.50
21.80
22.20
45.10
27.10
24.80
17.90
47.80
46.50
8.60
21.00
16.20
6.50
18.80
5.60
45.00
16.40
34.10
7.90
9.90
6.80
34.90
13.60
37.40
17.80
26.30
29.10
30.90
42.40
2.30
49.10
18.80
41.80
48.90
21.60
14.50
24.40
49.90
36.60
40.60
14.40
41.60
4.80
40.50
28.80
33.40
27.30
12.30
40.80
47.70
26.40
19.80
8.50
42.20
17.90
28.40
17.90
23.40
45.60
0.30
3.80
28.70
15.70
44.20
44.40
16.30
26.80
40.20
33.00
48.10
34.70
49.10
38.90
30.90
48.80
45.00
17.70
37.60
43.00
29.80
40.20
26.30
37.00
24.00
30.50
11.10
39.70
14.20
42.00
2.20
34.90
44.50
27.10
28.90
31.90
2.40
23.70
12.40
0.10
12.70
37.10
14.00
43.50
3.50
31.70
22.40
36.80
34.80
34.20
2.20
22.60
39.80
32.70
32.40
30.60
34.30
36.10
43.00
17.20
23.70
47.70
46.10
24.30
17.30
29.00
42.10
11.20
17.60
33.50
20.10
11.70
48.00
17.20
36.00
3.50
13.10
19.80
21.70
38.30
17.20
42.80
1.70
3.10
42.70
9.50
47.00
44.70
25.70
11.00
11.50
34.50
14.50
41.50
27.40
36.90
27.10
5.10
36.40
13.40
10.50
15.10
25.60
15.70
12.90
49.90
8.70
6.00
42.90
23.30
5.90
14.10
44.40
45.10
10.70
30.30
5.60
47.30
21.80
26.70
7.40
20.70
43.20
18.00
8.00
38.10
21.40
48.90
23.70
48.20
16.20
25.10
38.50
48.50
49.00
31.30
38.60
22.10
39.40
32.00
37.10
20.00
12.70
29.20
35.40
12.20
49.50
3.80
6.80
40.30
1.70
23.10
42.80
3.30
14.60
1.80
7.20
4.50
40.10
17.40
8.90
27.70
5.70
32.10
3.50
15.70
11.70
4.00
16.60
39.40
10.20
49.70
19.30
7.60
44.90
32.30
32.90
29.70
12.10
25.50
37.60
24.00
40.40
6.70
28.20
11.10
48.70
26.20
2.00
40.40
30.30
35.00
32.60
25.10
42.60
28.10
26.10
3.10
4.20
27.00
7.20
22.10
3.70
5.60
7.30
0.30
17.70
30.90
17.80
29.60
26.80
23.70
15.60
34.80
6.60
39.00
25.50
16.30
29.80
13.80
36.30
9.50
15.20
15.20
26.30
17.30
8.60
31.90
0.10
47.90
44.20
37.80
23.90
41.70
2.40
34.90
28.00
29.50
33.40
17.50
25.10
21.50
22.20
37.70
4.50
37.00
47.00
8.30
36.10
20.60
25.10
0.40
8.70
21.70
44.40
13.80
1.90
31.70
48.40
42.70
5.30
3.30
46.30
44.20
13.00
11.60
15.90
11.50
36.50
42.80
48.00
20.90
1.10
9.70
15.10
2.20
39.60
31.30
43.60
45.30
28.00
21.10
47.60
36.80
48.80
9.90
36.90
13.90
38.40
6.00
40.30
16.40
34.10
14.00
45.60
34.40
19.80
26.40
32.10
23.10
38.60
11.20
37.50
0.70
6.20
11.90
28.60
23.00
2.70
10.40
11.00
33.20
33.20
26.70
8.80
47.70
7.50
4.70
17.10
24.00
26.20
48.90
26.50
8.70
36.40
41.20
17.60
3.90
19.10
22.90
44.60
35.00
22.70
46.20
36.30
5.40
27.90
14.40
3.60
36.00
36.00
36.00
42.90
26.20
5.10
41.70
45.80
35.90
13.80
2.20
15.90
48.00
12.60
27.20
3.60
11.90
25.30
23.40
37.30
21.80
27.30
4.10
35.40
12.00
4.60
34.60
17.80
31.20
44.10
42.60
49.90
22.10
36.10
8.50
29.10
13.10
45.30
25.60
12.50
48.10
27.30
10.50
21.50
28.30
9.90
2.50
33.00
10.90
28.20
1.80
5.40
30.20
44.20
35.30
26.80
46.80
28.00
28.00
17.00
11.20
41.40
48.30
23.20
23.50
2.70
16.70
42.10
18.60
18.60
42.50
11.60
48.90
10.50
9.80
8.20
20.90
2.60
3.10
36.30
15.90
4.60
18.70
42.30
48.80
30.70
40.70
5.10
23.30
27.30
4.80
18.00
44.10
34.00
38.20
9.70
37.50
27.30
20.60
39.40
4.90
0.20
8.10
41.00
39.80
34.00
34.90
32.20
0.20
5.80
40.60
20.60
16.90
38.70
16.10
11.70
4.30
17.80
2.70
34.60
34.00
21.50
28.80
24.60
6.10
31.00
1.60
29.10
32.90
7.40
38.50
2.60
38.70
29.90
17.00
13.80
3.20
29.40
2.30
11.00
17.80
2.70
19.10
16.30
6.40
6.40
48.50
8.70
25.20
32.40
49.60
8.00
13.90
18.40
35.80
1.20
39.40
23.20
40.60
37.20
8.20
44.20
1.80
43.30
43.80
20.90
43.60
1.30
30.00
18.30
33.40
6.80
37.40
0.20
11.50
28.80
14.60
44.00
1.10
40.10
12.50
25.20
0.30
43.30
44.00
13.60
22.70
3.00
14.40
39.80
5.80
47.20
10.20
6.30
22.00
42.40
10.80
3.10
23.30
21.10
44.40
19.90
34.90
4.90
41.40
37.60
3.40
47.30
20.90
16.70
19.50
20.70
5.30
21.50
32.00
14.50
20.30
10.20
37.50
9.10
22.90
13.10
2.00
32.60
41.70
24.60
46.80
37.80
30.30
24.00
28.30
8.50
3.60
1.30
5.80
19.40
28.10
3.80
43.80
49.90
4.40
20.90
9.90
46.40
3.70
46.20
17.10
36.50
1.00
27.70
47.20
6.40
48.90
39.00
32.70
12.50
42.00
15.00
26.50
46.10
0.30
10.90
9.70
42.40
32.40
4.20
17.20
26.50
18.80
47.50
16.10
12.20
23.60
11.50
39.70
0.80
27.80
7.50
45.60
48.50
10.90
24.90
31.90
7.90
44.50
3.30
44.30
15.80
3.70
41.70
1.10
42.00
30.50
31.60
5.00
39.20
17.60
12.90
13.70
42.80
47.40
31.70
10.20
24.90
41.10
13.10
44.20
40.40
9.80
9.70
37.30
13.40
6.20
44.20
40.50
6.50
10.50
17.60
40.80
44.30
35.40
48.30
43.80
31.60
12.60
49.50
34.30
43.30
20.80
3.30
34.30
26.90
31.50
9.00
15.30
39.60
13.20
25.50
35.60
1.70
2.90
4.90
24.20
13.00
10.40
14.80
32.70
12.60
1.00
37.70
4.40
41.00
18.40
14.90
6.20
39.00
10.30
3.90
2.70
35.30
4.40
46.80
27.20
44.90
33.00
35.50
46.00
19.60
27.50
32.00
4.10
39.00
40.70
40.70
47.30
15.00
33.80
8.30
31.20
48.60
45.60
2.70
1.00
41.90
20.40
26.00
42.50
5.00
28.80
24.50
7.40
20.00
33.60
22.80
10.50
6.20
8.10
43.20
12.70
10.70
3.40
9.90
24.40
26.10
37.10
31.40
22.70
25.10
46.60
11.10
19.10
44.30
5.20
41.20
39.50
29.40
28.30
32.20
34.70
15.50
19.70
17.60
22.30
39.00
19.60
29.10
36.50
17.50
30.20
18.60
24.70
3.90
26.90
31.50
36.30
1.30
30.40
38.40
33.90
13.60
14.20
23.20
2.00
41.90
34.30
36.70
29.30
11.90
35.50
28.30
33.40
26.80
0.20
22.40
24.20
16.80
18.60
45.20
40.30
1.90
9.00
38.50
25.20
3.60
25.90
1.90
0.70
14.10
48.20
39.30
27.00
38.50
21.80
34.80
7.60
14.00
4.70
43.70
40.40
4.40
49.10
44.90
24.10
35.70
7.70
41.10
1.70
7.70
22.20
18.40
42.80
37.40
46.40
21.40
19.10
2.30
48.10
42.30
0.50
22.20
28.20
27.70
16.00
44.40
37.00
49.00
23.80
18.70
3.30
45.90
21.60
2.80
25.00
3.80
21.30
17.50
18.90
49.40
42.40
22.70
47.30
47.00
47.20
18.40
29.00
15.50
15.80
29.10
3.50
26.00
25.90
5.30
10.70
25.50
22.60
46.20
0.20
47.70
15.60
33.20
16.00
1.70
44.60
13.10
21.00
23.50
14.70
23.50
35.10
36.30
21.70
6.40
37.00
0.70
15.70
27.00
4.50
49.30
34.70
10.60
4.50
48.00
5.10
19.40
19.50
1.60
33.60
27.80
15.20
33.10
34.50
35.40
19.00
1.30
15.30
2.30
2.00
22.30
6.30
10.90
46.50
10.00
33.60
33.70
4.60
12.30
12.70
4.20
13.50
5.50
9.10
43.60
11.30
10.60
9.00
17.00
21.70
24.40
11.90
8.60
34.90
1.60
14.70
6.90
41.00
42.70
42.70
8.20
29.90
32.80
26.20
10.30
42.70
31.30
12.50
15.70
25.20
25.50
28.40
25.40
11.60
4.70
45.70
47.10
8.10
29.40
36.40
32.40
45.50
25.70
46.00
9.50
9.50
33.60
35.30
32.20
8.30
28.10
22.40
22.40
21.20
22.10
43.80
46.80
24.10
19.00
19.60
4.90
6.30
0.70
27.10
6.10
11.90
42.30
25.00
22.80
41.60
7.90
27.80
44.20
30.40
48.30
37.30
10.30
26.70
6.00
24.90
37.00
48.10
6.60
44.80
48.40
9.30
43.60
7.80
16.00
15.60
45.60
28.80
44.90
26.20
38.30
15.80
14.00
41.80
48.60
47.80
8.20
47.80
10.10
20.30
40.90
49.90
40.40
24.50
29.70
22.60
0.10
36.70
24.10
4.00
25.80
0.30
36.70
18.90
2.70
15.40
4.80
0.70
15.90
36.70
18.30
49.20
48.60
38.50
43.60
35.20
47.50
14.10
15.00
13.20
44.10
21.30
37.90
7.00
46.90
34.10
6.20
36.60
46.60
1.00
17.70
18.00
47.10
5.40
15.00
14.20
5.40
25.00
49.80
0.00
24.70
43.30
22.00
10.10
26.40
28.50
1.00
29.50
19.10
11.90
3.10
0.00
6.20
1.50
2.50
4.10
13.20
45.50
21.40
30.80
1.30
0.60
40.70
3.30
11.90
10.30
43.50
32.80
0.00
26.90
21.20
13.20
12.60
30.10
34.00
23.80
16.20
18.00
38.90
37.40
48.10
6.40
19.60
10.60
13.70
24.10
47.90
31.30
20.10
36.10
18.50
10.90
3.80
0.50
28.40
5.60
47.30
34.50
0.20
18.50
29.80
23.40
6.00
30.00
31.90
20.00
36.90
2.60
34.10
9.70
3.10
26.20
18.70
25.60
8.80
16.70
27.30
4.40
0.80
42.60
10.80
48.70
22.80
23.30
11.90
0.00
23.80
35.10
44.20
34.20
35.90
6.70
47.90
3.10
26.20
21.30
17.00
9.50
9.00
9.00
16.80
48.30
39.00
34.30
6.80
16.50
42.70
33.00
29.60
12.20
4.40
38.50
15.50
35.80
40.80
48.50
7.20
44.00
34.00
37.80
28.90
17.80
1.80
6.50
19.90
46.50
1.00
10.50
29.30
36.20
7.70
45.50
49.70
42.80
18.30
11.50
39.70
31.00
11.10
11.30
10.30
24.60
15.90
24.30
3.80
48.00
44.40
9.60
10.20
17.20
40.40
47.40
42.00
22.70
8.10
3.40
13.60
41.10
11.50
41.60
41.40
2.00
36.60
46.30
25.80
6.80
34.20
46.90
22.90
4.40
16.40
0.70
29.20
25.90
6.90
13.10
9.10
22.10
8.30
5.70
13.30
22.50
17.00
43.20
5.80
48.30
5.20
1.30
49.40
7.90
20.20
26.80
31.80
3.90
31.10
47.00
4.60
20.90
0.00
0.60
28.70
13.50
8.30
46.00
31.90
25.50
25.00
14.60
28.90
41.90
8.00
48.60
41.00
32.20
28.80
5.20
17.10
4.30
7.50
5.50
18.00
3.60
12.80
18.80
18.10
33.90
9.70
44.40
37.40
43.50
46.30
43.50
33.40
41.90
17.60
44.40
40.80
17.20
2.20
14.60
0.40
21.50
19.60
28.30
46.70
2.70
16.50
44.80
42.00
10.70
12.40
46.00
10.80
1.80
39.30
49.60
9.60
10.90
49.70
25.80
44.50
43.30
16.20
6.80
9.10
30.50
49.40
27.30
22.80
23.30
20.20
9.90
36.20
45.90
31.00
24.00
28.40
25.20
13.20
46.70
36.40
43.80
28.30
27.50
37.60
14.20
16.90
49.70
40.40
33.50
23.30
12.60
20.20
31.40
39.70
48.40
40.10
42.80
36.60
6.80
5.00
10.50
34.70
12.00
20.10
35.90
28.40
27.30
20.00
22.40
36.20
3.00
28.20
38.60
14.80
36.30
10.70
41.40
45.50
35.20
35.20
30.20
40.80
24.30
25.90
21.50
3.50
5.30
32.90
28.80
29.40
42.70
41.50
24.10
26.90
22.70
30.50
13.30
46.10
1.00
33.80
49.40
8.30
48.50
47.50
42.20
7.60
26.80
1.80
32.60
42.70
19.20
36.10
33.50
49.90
22.30
5.70
15.00
42.20
1.20
47.60
39.10
32.00
42.30
26.00
21.30
42.70
37.70
3.60
49.50
49.70
20.10
21.00
39.30
37.00
4.00
31.20
33.80
15.50
8.50
43.50
1.50
19.70
45.10
25.50
25.30
11.70
27.00
8.10
2.60
31.00
23.60
48.70
40.40
43.50
41.20
13.70
7.40
6.20
12.90
33.90
43.00
2.30
39.20
25.10
21.00
45.50
7.40
43.50
46.00
13.40
10.10
38.70
34.20
37.20
4.60
49.40
12.20
24.40
4.40
15.80
12.80
14.60
41.10
39.20
4.30
2.80
0.60
35.00
10.30
48.60
40.90
40.40
43.00
32.90
23.90
38.00
27.10
20.60
25.60
8.10
16.90
47.20
21.70
28.70
20.80
11.70
6.00
14.40
27.60
27.60
41.10
20.40
35.30
15.30
2.70
42.10
23.20
23.20
40.50
5.50
47.90
27.70
11.40
35.10
31.60
42.20
49.40
1.40
26.10
26.00
41.10
49.10
11.90
4.30
23.00
48.40
48.90
24.50
30.30
27.20
25.00
42.60
33.10
47.60
3.70
49.10
49.70
12.00
13.40
45.70
17.50
43.50
20.00
33.90
47.90
43.10
32.20
43.10
40.50
40.40
27.20
23.30
8.50
37.90
11.70
25.50
43.50
38.60
2.90
44.60
12.30
29.00
47.40
15.50
5.50
41.80
14.10
31.80
25.30
36.70
21.90
15.40
16.50
41.90
7.30
47.20
29.20
9.90
5.30
16.20
30.30
8.90
22.00
8.00
2.50
40.60
15.30
22.40
32.80
36.30
22.30
23.40
35.60
35.80
16.70
27.70
39.30
18.50
15.00
26.90
22.90
9.80
29.60
48.40
48.40
29.10
2.40
10.80
17.40
3.60
21.20
21.20
7.70
4.40
21.80
16.40
33.90
8.80
21.70
9.50
28.10
48.50
18.10
36.90
31.00
27.10
14.00
2.60
24.10
10.00
49.40
0.50
1.20
8.00
30.20
35.30
7.60
43.40
4.60
23.80
14.70
38.40
48.00
5.90
12.30
25.90
4.20
33.60
1.80
12.50
37.00
4.90
6.70
24.80
38.80
1.10
38.40
41.70
3.90
46.00
15.10
9.10
36.90
39.90
32.60
38.00
49.20
2.20
14.50
20.60
29.60
35.40
18.80
25.90
7.00
34.40
23.50
38.40
11.70
39.70
44.80
13.90
0.50
31.90
30.80
11.30
30.40
16.30
10.00
12.10
19.50
11.40
44.30
0.40
19.30
17.40
38.30
5.00
41.80
47.30
17.50
25.80
21.10
27.30
27.50
8.80
25.40
5.10
12.40
1.20
38.00
43.00
19.20
35.80
21.60
32.50
14.70
35.10
3.10
3.10
42.00
37.80
20.10
6.20
46.90
25.10
25.90
18.20
49.20
24.20
32.50
49.80
47.30
18.00
30.80
1.20
25.00
34.80
7.80
2.80
38.20
6.20
23.40
35.30
46.00
3.40
35.90
39.20
11.10
44.80
0.60
46.90
15.40
44.50
26.50
47.30
46.70
31.50
39.80
15.30
0.30
18.70
29.20
17.30
23.50
5.70
11.30
29.10
14.20
21.00
28.90
12.40
8.70
12.80
2.10
23.80
12.50
10.20
14.80
40.70
23.30
19.40
49.00
15.80
47.30
44.80
14.70
21.70
41.30
32.20
14.90
10.80
32.20
47.30
46.90
27.70
35.90
33.60
25.40
41.50
4.10
43.60
20.60
9.30
31.80
24.20
22.70
40.30
40.00
19.10
14.60
39.20
28.80
22.40
20.30
37.30
38.80
13.80
15.70
12.10
4.10
17.90
48.80
23.40
21.60
43.40
20.90
36.20
4.50
43.40
29.80
35.20
44.30
13.10
9.80
39.80
14.50
2.30
40.50
17.70
33.10
13.20
8.10
27.40
11.70
2.10
23.50
36.40
45.20
1.40
48.80
38.10
19.50
31.30
40.70
39.30
39.60
21.70
42.70
16.30
20.10
0.60
30.30
39.20
24.80
32.40
6.40
32.00
5.80
41.10
0.00
21.30
21.30
6.80
9.20
43.40
34.10
14.00
46.30
35.50
22.20
32.50
18.60
30.50
45.70
35.20
18.80
0.30
22.90
23.70
25.50
8.20
15.10
37.00
7.20
7.20
30.80
12.00
17.50
17.60
41.90
14.10
14.20
14.20
14.20
10.60
1.30
18.30
43.50
5.30
23.20
4.80
20.80
22.00
2.30
46.60
35.40
28.10
6.70
21.60
14.70
22.20
45.90
47.80
26.70
22.90
34.20
21.90
10.50
19.00
34.80
25.00
14.50
21.10
29.40
46.40
43.60
25.10
32.40
43.10
19.10
0.00
16.00
12.40
29.30
3.40
21.20
40.60
30.80
15.80
43.10
30.10
15.10
8.00
17.90
23.00
20.60
49.60
16.60
49.00
17.50
22.40
1.60
9.00
48.40
16.40
26.40
26.90
19.40
29.80
6.50
43.50
43.70
9.90
4.60
23.60
5.80
19.60
2.20
38.50
6.00
21.40
39.40
8.80
48.20
27.20
36.10
23.20
47.50
8.50
29.30
45.10
38.80
12.10
32.30
12.30
8.90
35.30
37.90
46.60
8.00
13.90
4.30
43.90
23.80
47.30
19.60
16.80
49.40
21.40
27.80
30.90
14.70
36.80
33.70
4.80
11.50
45.00
26.10
42.70
13.90
29.90
20.80
8.00
15.70
43.80
0.60
46.80
16.40
28.40
34.10
31.30
31.00
10.40
37.90
15.40
37.50
12.20
25.30
11.10
14.20
41.00
47.70
31.50
47.90
5.30
4.30
2.50
5.30
17.80
35.90
39.90
2.10
3.50
35.60
21.80
17.30
17.10
48.70
5.30
4.50
18.60
19.80
34.70
4.70
14.00
23.30
24.50
6.30
21.30
13.60
28.20
17.30
34.50
28.50
29.10
34.20
30.70
29.60
4.30
30.00
45.50
20.00
9.80
5.90
38.20
15.20
32.90
24.40
13.10
10.60
38.70
29.70
24.30
17.90
35.70
41.80
30.80
5.10
28.00
43.80
21.50
26.20
16.30
13.30
3.40
42.40
22.00
13.20
30.20
18.20
18.30
16.30
34.60
17.20
15.30
33.50
14.50
32.80
10.10
19.70
26.90
47.50
35.90
15.70
38.20
10.00
44.90
31.10
12.00
7.30
38.60
20.70
38.90
16.40
25.80
11.70
27.40
21.40
13.90
21.40
12.20
32.60
14.90
3.10
41.90
17.80
25.20
36.20
35.90
31.30
22.40
41.40
47.00
14.50
49.50
32.80
39.30
14.20
46.60
39.40
10.20
13.90
4.90
25.10
33.70
10.40
26.30
11.50
26.50
30.10
32.80
35.80
32.10
8.60
30.40
20.70
26.20
44.50
42.40
12.40
0.00
12.10
4.40
31.30
39.80
7.10
29.70
48.60
1.70
30.60
19.30
5.60
28.10
2.00
49.10
8.00
33.40
34.60
42.90
32.30
15.40
16.80
38.90
33.90
7.70
4.00
36.20
41.90
46.30
30.10
34.60
16.50
18.10
29.10
35.30
33.00
14.70
28.00
13.70
4.00
33.10
46.40
21.80
39.60
22.60
41.60
40.60
13.20
8.90
1.70
36.90
36.90
15.70
33.10
19.40
34.30
18.80
38.90
31.10
30.30
20.10
32.20
47.20
48.70
45.70
49.90
11.20
26.10
26.90
22.00
31.30
34.20
30.80
21.60
3.50
44.50
21.20
37.60
2.90
44.40
4.40
12.40
42.40
0.50
35.10
12.70
37.10
5.70
26.30
38.70
18.00
19.50
28.10
43.80
9.50
7.40
39.40
42.20
30.50
3.20
27.80
31.30
15.20
47.20
31.80
9.70
36.30
27.80
14.70
12.30
25.70
2.60
4.70
24.60
29.50
37.10
12.00
4.50
16.40
46.00
11.30
4.70
19.00
2.50
15.80
29.40
44.70
14.80
28.70
7.00
18.00
47.00
20.20
33.80
47.60
47.00
34.30
14.70
14.70
37.30
10.20
25.30
22.20
26.20
6.30
40.30
10.70
32.90
46.50
29.80
12.10
38.90
2.60
4.60
49.20
32.20
33.10
5.80
25.80
41.20
25.00
40.90
47.20
28.10
8.40
40.20
15.80
37.90
20.70
25.90
39.30
16.90
31.10
33.10
7.60
7.90
38.00
13.60
0.10
41.60
12.70
14.90
34.10
30.50
44.60
42.00
44.50
10.90
18.00
44.10
21.60
11.50
45.30
16.70
20.40
36.60
29.20
29.50
12.10
20.30
16.50
41.50
30.30
11.60
43.50
43.50
41.10
8.50
18.60
49.30
6.60
25.10
28.90
28.60
39.30
33.10
21.20
36.80
32.20
49.60
20.50
8.90
25.70
28.80
23.00
20.20
2.30
7.20
35.70
4.80
49.50
41.30
28.00
20.60
2.30
22.60
1.80
46.00
18.50
48.80
6.40
12.70
22.30
20.40
21.30
44.50
33.60
19.90
12.70
38.00
34.10
9.90
12.80
40.70
14.60
21.80
22.60
41.00
30.50
17.20
39.00
4.40
7.40
28.80
34.50
13.00
37.50
43.50
43.50
35.30
38.60
48.60
25.60
32.80
26.10
36.30
36.30
48.40
0.50
48.90
26.60
8.90
5.50
10.60
38.90
44.90
48.20
41.60
47.60
12.30
4.30
21.70
27.40
42.10
45.50
36.70
47.90
47.00
17.50
45.70
41.00
17.20
18.90
15.70
28.70
15.50
3.50
46.60
23.60
38.10
48.10
23.40
8.90
46.80
37.70
20.90
39.90
38.50
48.50
44.40
0.20
41.60
8.60
24.20
30.70
20.20
42.90
46.10
35.60
46.10
2.20
21.40
13.60
36.20
26.90
27.50
17.80
30.40
21.90
14.80
39.10
49.40
44.90
14.10
23.50
19.30
31.80
47.50
10.90
38.50
23.00
6.00
21.90
19.30
11.60
44.50
46.30
24.70
37.90
3.20
14.20
39.00
41.00
36.60
20.70
30.10
38.20
5.00
49.20
23.70
25.10
27.10
5.70
44.40
43.00
34.40
45.00
8.70
1.50
42.90
36.20
12.10
45.00
32.00
8.90
32.30
49.80
28.80
10.80
36.50
31.90
22.30
47.40
5.40
32.20
49.30
25.30
46.60
23.20
28.90
0.40
19.00
2.10
40.00
13.10
12.10
44.70
1.90
9.90
7.90
33.00
35.10
36.60
11.50
40.50
5.90
12.90
34.90
47.80
21.00
31.70
7.90
18.20
32.20
16.90
22.10
35.50
6.90
21.90
32.20
26.50
41.20
49.30
28.50
47.50
3.80
3.80
1.60
12.30
24.00
21.70
30.30
29.40
35.50
31.80
6.90
43.40
5.90
15.70
38.60
5.30
23.60
48.10
5.60
34.40
48.30
7.70
48.50
23.80
3.80
3.90
21.90
9.40
30.00
3.30
42.50
13.10
30.80
23.00
14.10
28.40
13.40
36.40
9.60
8.90
35.40
12.60
37.30
6.20
47.00
49.90
27.90
6.80
18.00
22.90
31.70
18.70
6.60
31.10
45.40
7.70
2.80
18.80
42.60
18.50
21.10
22.50
7.00
47.00
34.60
1.70
48.20
48.20
47.20
44.90
8.10
34.90
42.00
7.90
23.40
46.10
14.30
3.00
46.90
6.40
9.00
31.30
39.10
35.70
7.50
13.10
13.30
35.60
48.10
44.00
21.60
20.10
47.80
31.10
15.40
38.70
23.10
47.50
1.90
22.40
16.60
1.10
47.60
16.60
44.80
10.30
8.00
0.30
35.00
35.00
2.50
31.20
12.10
41.40
23.90
24.60
36.40
39.40
24.00
45.10
39.80
23.20
1.80
32.30
42.80
11.80
36.20
22.50
17.80
37.70
2.40
40.90
35.60
24.50
16.40
33.50
23.90
45.20
40.40
17.30
30.70
29.90
49.90
26.30
23.10
16.40
47.30
21.40
21.90
1.90
21.60
40.00
25.80
19.70
23.80
41.00
48.90
28.70
33.30
24.70
8.20
6.30
35.30
15.70
5.60
19.00
49.20
28.20
20.10
23.80
44.00
26.50
22.40
41.10
44.00
31.70
14.90
24.60
40.10
21.90
21.90
17.30
28.10
18.60
5.50
10.40
7.80
48.60
16.20
47.80
15.50
6.50
16.90
6.60
42.00
28.10
13.80
29.20
4.80
15.60
4.60
39.80
9.40
34.70
8.40
33.00
49.90
34.20
41.90
12.60
27.10
18.30
33.40
34.90
13.10
15.70
44.20
36.70
49.70
13.90
6.40
27.60
30.20
30.70
24.80
13.10
46.80
45.60
2.10
46.80
0.60
4.50
15.80
26.40
0.20
43.50
8.10
4.70
25.00
20.20
27.20
47.30
35.10
39.70
7.00
46.00
39.00
32.60
26.70
8.40
22.40
35.60
16.70
13.50
17.80
13.40
11.60
11.60
34.10
3.60
0.80
47.00
0.60
25.20
42.20
7.70
20.00
9.80
6.80
37.40
2.50
29.10
19.70
34.40
19.40
4.60
11.10
49.40
13.90
25.00
46.30
26.30
21.20
47.80
16.80
22.70
13.60
3.40
4.30
16.30
1.40
22.90
33.60
10.80
40.40
4.50
16.30
34.50
9.40
39.50
36.20
39.50
5.60
9.00
3.90
11.50
29.90
43.20
3.80
37.30
15.30
5.70
43.90
24.40
44.20
5.80
14.90
3.60
3.60
18.20
12.30
42.60
41.00
40.30
42.60
31.70
41.00
11.50
4.40
34.90
17.20
2.10
9.90
22.10
37.40
10.90
3.90
13.80
43.10
41.50
49.50
46.30
11.50
33.90
18.10
12.10
10.20
10.70
31.40
48.20
30.60
31.40
27.10
7.10
39.50
32.70
15.10
30.00
42.00
28.30
22.80
12.00
38.50
20.60
15.20
42.10
3.70
8.20
24.80
37.80
16.40
6.30
16.30
48.90
28.00
1.80
28.60
11.30
25.10
16.50
42.20
34.10
20.60
22.50
44.60
19.60
3.60
28.50
40.00
48.80
2.40
36.50
38.90
9.70
6.10
38.50
4.10
46.70
28.30
32.80
17.40
20.90
29.80
39.20
13.80
25.90
10.90
48.80
10.80
5.30
28.50
2.40
35.60
1.40
1.40
18.90
7.00
48.00
4.50
29.50
11.80
28.00
45.20
32.00
6.60
6.40
5.30
13.50
42.80
23.20
11.50
16.80
35.70
8.00
32.00
7.50
3.70
37.60
23.60
17.90
29.60
33.00
41.60
45.50
7.20
47.80
32.50
28.10
48.60
23.50
49.30
22.00
35.40
38.20
29.10
3.60
2.80
47.60
8.60
41.60
39.00
19.20
21.10
40.30
35.70
30.00
8.00
47.50
10.40
15.20
45.60
3.40
40.10
14.70
38.40
12.40
9.80
36.20
7.80
24.80
13.60
14.00
32.10
35.10
4.20
30.00
28.50
19.40
22.10
23.90
37.70
34.40
14.80
20.80
13.80
7.80
46.90
35.70
42.30
6.90
47.50
28.50
14.30
4.20
17.20
11.20
8.50
3.40
30.10
29.60
42.20
6.50
31.30
29.00
39.30
2.80
42.90
0.80
24.80
36.30
26.60
20.70
18.30
11.20
45.30
39.50
36.50
14.60
26.30
7.50
7.90
24.30
4.00
31.30
41.50
47.00
30.10
27.30
9.40
7.30
31.70
47.80
7.40
23.50
6.80
19.60
42.90
36.40
4.20
6.70
8.80
30.70
45.80
10.20
5.50
9.20
49.70
49.70
20.00
24.30
42.40
24.00
10.10
3.30
41.80
32.10
26.80
32.90
36.30
27.30
31.60
5.90
32.20
21.10
40.40
31.40
34.00
47.60
49.80
41.60
36.70
47.40
45.70
45.80
9.80
27.20
1.70
22.60
1.20
34.30
4.30
47.90
13.10
29.80
35.10
43.00
11.40
16.60
6.00
22.10
30.50
39.40
17.10
36.00
38.50
40.90
28.70
15.70
34.60
29.20
48.40
21.30
12.90
32.30
28.70
1.60
1.60
33.20
41.60
6.60
31.80
5.10
9.80
39.60
46.30
2.60
42.30
40.50
2.70
44.20
43.90
28.60
39.40
37.00
38.20
31.30
12.20
30.50
9.90
17.50
49.60
41.90
43.00
16.80
22.80
19.10
31.30
1.10
3.40
42.60
32.60
13.20
37.60
12.50
29.10
45.60
46.30
16.20
31.40
0.80
9.00
48.70
4.40
33.70
21.00
2.70
35.20
34.10
18.90
5.70
28.90
29.30
19.90
37.70
25.90
32.10
49.20
7.00
10.50
0.80
15.20
32.80
47.60
6.30
47.20
36.40
24.90
0.60
19.30
20.40
19.30
6.10
33.00
18.10
43.20
47.30
22.30
16.40
31.30
10.60
26.90
32.40
3.10
38.60
14.00
13.20
8.90
41.20
33.40
1.00
10.30
48.10
4.20
42.30
32.00
5.70
48.50
49.60
6.40
11.80
32.00
13.30
40.10
47.80
16.20
29.30
39.00
39.00
14.20
15.50
29.80
14.10
6.20
27.50
2.20
35.10
29.90
2.40
14.50
23.80
4.20
2.20
28.90
9.20
34.70
34.70
16.20
2.50
12.00
27.00
19.40
17.80
14.10
36.80
5.60
23.50
26.20
45.00
1.50
32.90
12.40
29.90
30.10
26.50
45.60
34.40
21.30
16.30
46.90
10.70
27.80
9.00
36.90
24.40
23.70
34.70
2.00
0.80
46.00
21.00
47.80
38.00
26.40
10.10
0.10
30.00
31.40
29.80
10.00
37.00
33.20
8.90
15.50
45.00
16.50
19.30
46.80
13.20
5.20
49.60
37.00
44.20
26.50
24.30
7.10
24.00
43.90
9.70
21.10
8.20
48.10
2.10
14.00
27.20
11.60
32.50
21.00
40.40
6.20
28.40
13.90
38.60
1.50
35.20
47.70
35.20
41.80
27.50
38.60
48.10
6.30
20.20
44.00
43.50
5.10
19.30
35.00
2.80
30.90
29.10
25.00
27.50
26.80
23.20
26.80
7.00
48.50
37.90
26.90
47.70
8.90
2.80
9.40
39.40
49.00
14.50
40.20
16.80
1.00
19.30
13.10
24.80