São Paulo - Temperaturas:
27.00
33.40
33.70
12.20
31.90
34.70
8.30
14.60
6.30
9.60
49.80
25.60
0.00
22.70
32.20
10.30
24.10
41.00
6.30
8.40
5.60
21.40
28.10
37.10
23.70
26.30
23.50
48.00
49.60
4.70
33.00
44.80
27.50
8.00
28.60
39.40
44.20
20.30
42.30
7.20
5.00
40.50
31.60
23.60
14.20
45.80
26.20
3.60
25.40
34.70
24.60
24.60
44.80
23.60
0.30
41.50
29.60
8.10
34.80
23.10
14.90
4.60
0.80
34.70
13.30
30.80
34.20
47.60
25.80
37.00
38.50
24.00
27.30
48.10
43.50
28.40
37.00
35.10
34.40
42.20
10.20
26.40
7.90
0.00
12.50
5.00
5.20
15.70
15.70
44.60
38.60
7.40
39.30
46.80
0.40
10.40
7.60
39.70
1.10
25.90
19.70
45.50
46.20
32.70
47.00
30.30
34.20
7.70
7.90
11.60
3.80
30.50
11.70
10.00
40.40
41.90
1.40
13.10
23.60
23.60
9.20
44.50
5.30
34.70
24.00
23.50
16.30
3.50
30.60
16.40
3.90
43.50
5.60
7.40
7.90
22.60
30.50
47.40
5.50
22.40
6.70
32.80
31.00
14.10
38.20
21.60
26.50
14.40
44.50
45.70
14.40
0.90
44.90
0.30
23.20
44.60
21.90
44.80
19.50
0.90
24.30
39.70
21.60
17.00
11.80
48.00
5.10
19.80
6.50
34.90
37.90
29.50
4.20
18.60
15.20
35.50
36.40
11.20
11.20
23.30
10.70
2.80
9.60
36.30
11.30
10.50
34.20
10.50
41.80
44.40
3.30
1.10
5.70
47.50
3.20
3.20
47.40
25.90
30.70
22.80
5.00
24.00
31.80
8.80
35.40
32.30
46.00
47.70
25.60
10.70
19.50
48.10
38.10
20.00
45.00
32.80
45.90
6.10
35.60
26.50
10.00
9.10
12.50
16.60
43.50
6.00
6.70
16.20
6.30
23.50
46.00
2.50
35.80
1.20
44.70
17.70
2.40
18.30
42.20
38.80
24.20
26.50
34.00
49.70
21.40
15.00
31.30
49.90
8.00
28.20
12.00
42.30
27.50
3.20
26.90
4.20
23.30
12.00
24.80
8.70
15.20
19.90
23.40
18.10
8.20
15.70
40.30
41.40
43.10
20.30
39.00
49.40
0.60
20.10
49.70
37.20
34.40
42.90
15.00
48.90
38.80
30.40
36.00
15.50
1.90
18.30
25.90
6.00
33.70
3.80
23.10
41.00
1.30
36.50
2.80
32.90
14.10
32.30
36.40
22.10
0.00
25.80
31.60
0.80
28.00
45.90
48.00
18.20
37.90
15.20
7.80
40.90
15.60
19.00
24.90
15.00
41.50
34.70
23.70
16.70
46.90
28.90
38.70
7.60
47.90
6.20
33.60
6.80
2.80
46.50
12.70
10.70
42.50
33.40
40.20
9.90
45.40
1.20
37.10
38.10
45.50
40.80
30.40
36.10
22.10
28.10
9.90
43.90
41.90
29.80
18.60
48.40
9.20
4.50
3.20
7.40
6.30
6.30
35.80
2.30
11.90
2.00
20.20
17.10
40.70
28.20
44.90
16.20
33.60
12.30
17.00
2.90
29.90
29.90
37.90
40.50
23.00
46.70
41.40
1.90
4.40
19.20
21.30
38.80
2.90
24.10
2.60
7.10
35.60
9.00
48.20
41.90
25.30
10.60
2.50
48.20
12.60
0.90
27.60
34.30
22.60
10.20
35.70
23.60
33.00
47.50
22.80
0.50
21.30
10.90
22.30
34.70
24.40
18.20
1.00
44.70
21.90
29.40
46.20
3.20
20.00
24.40
25.70
46.90
28.40
11.30
3.10
36.50
5.10
13.30
41.90
14.90
9.50
21.70
11.30
7.00
10.60
35.30
10.00
15.90
5.60
41.20
33.10
47.50
21.30
24.20
28.70
11.70
5.70
14.90
10.20
16.10
0.80
17.70
46.40
28.40
39.30
46.10
13.10
34.90
24.00
26.90
48.40
31.00
16.70
19.50
48.90
4.70
7.10
7.20
17.20
37.70
40.70
5.50
30.00
10.60
4.00
27.50
14.30
29.90
42.80
11.60
0.20
26.30
31.70
2.40
19.40
12.90
13.10
39.20
37.00
32.70
30.60
6.30
48.10
7.30
11.80
37.60
33.80
27.60
20.00
40.60
38.30
39.20
15.70
20.90
14.00
16.00
25.10
18.70
15.90
40.00
25.30
24.10
46.30
48.40
18.00
19.80
37.30
0.70
22.90
31.70
10.80
19.50
18.60
17.30
2.10
33.30
18.40
4.70
7.90
17.00
22.90
5.80
23.70
36.80
27.70
31.20
26.00
26.90
42.70
14.50
22.60
42.10
37.60
18.20
14.50
23.60
23.60
27.80
25.60
2.50
20.20
1.50
39.70
23.00
3.80
31.40
36.10
36.30
30.40
44.50
9.70
26.20
35.00
0.90
23.70
32.00
38.80
42.00
27.60
24.50
24.50
16.80
0.50
48.60
11.90
12.30
22.40
0.20
17.60
3.10
28.80
4.80
34.70
28.70
36.80
36.80
23.30
49.50
45.60
6.20
13.50
17.10
7.00
48.20
5.70
23.50
38.70
23.70
9.40
27.30
40.20
21.80
12.20
15.50
4.60
40.80
17.40
46.20
38.10
45.30
12.40
4.40
14.90
33.50
48.70
2.40
14.70
5.70
15.10
22.20
27.60
33.50
5.00
18.10
10.10
24.50
49.10
14.60
30.00
10.20
36.60
27.30
7.20
19.70
25.30
35.50
6.40
48.80
15.30
47.40
49.40
10.60
40.00
35.10
11.80
33.00
25.10
49.00
24.10
26.80
40.60
33.20
16.90
4.40
14.40
3.40
5.90
38.50
25.60
25.60
46.60
44.50
6.30
40.00
19.70
36.10
37.60
36.60
19.00
33.50
5.30
37.40
37.20
31.40
4.20
32.70
4.00
32.70
15.70
7.80
36.50
20.00
36.00
15.50
45.30
28.40
8.00
25.10
7.60
9.70
48.40
29.30
20.90
18.80
18.20
2.40
16.90
26.00
26.00
34.80
34.80
29.80
49.30
9.00
39.70
45.70
19.10
29.80
12.30
1.80
0.80
4.10
6.70
43.80
21.20
37.30
8.20
14.60
37.60
41.80
32.10
26.80
2.70
22.20
45.60
49.70
17.00
11.60
25.70
32.40
12.80
31.50
26.40
48.90
40.50
30.30
43.00
43.00
42.80
31.10
12.90
11.50
1.40
4.00
20.60
23.40
1.60
21.60
14.40
14.70
5.60
10.10
33.80
48.40
8.10
17.80
17.80
35.40
27.10
48.20
6.30
4.40
40.50
6.70
49.70
47.60
37.00
41.90
19.20
22.00
4.80
29.70
36.70
13.60
31.50
17.10
17.70
40.70
35.30
5.70
46.90
33.60
39.40
21.90
27.10
11.90
5.20
11.00
23.20
9.80
27.20
10.50
43.40
37.70
8.70
40.20
11.10
35.50
29.90
42.80
4.70
14.30
12.10
46.10
30.10
11.80
6.20
19.40
9.90
19.50
3.60
25.70
18.20
34.40
34.40
29.90
1.60
48.20
37.60
41.80
10.30
8.80
10.80
6.30
28.60
48.20
5.50
35.50
13.60
40.00
33.40
19.80
0.40
39.00
1.70
42.50
43.70
26.20
43.30
28.00
16.60
39.40
5.80
31.30
1.10
18.90
47.10
47.10
21.00
20.30
19.70
46.00
8.10
8.10
0.70
9.00
23.20
21.60
49.30
31.80
15.50
25.10
45.60
40.20
28.00
19.30
43.70
28.00
38.90
33.70
4.40
47.30
11.90
29.30
3.00
17.30
16.10
19.90
22.40
26.10
23.80
37.10
17.00
7.50
0.30
46.40
31.80
30.20
4.10
34.80
38.60
20.70
5.10
28.00
10.40
17.20
41.80
33.20
5.30
45.40
22.80
3.10
49.30
24.00
43.90
1.10
14.30
15.80
30.60
27.70
8.70
49.20
18.30
2.10
45.90
12.80
28.90
29.30
33.60
22.40
27.20
18.60
38.90
17.50
24.20
6.00
40.20
24.40
12.20
8.80
8.80
24.80
48.20
29.50
17.00
47.10
33.20
41.40
5.90
8.30
6.50
24.60
47.30
30.90
49.20
38.00
36.60
38.00
26.50
13.60
15.60
15.60
39.60
39.50
40.20
45.50
42.80
37.80
47.70
5.90
21.10
28.80
45.30
5.10
32.80
31.90
49.30
3.80
18.10
9.70
9.70
6.30
8.10
8.10
46.70
4.40
45.80
44.70
22.50
18.80
6.60
37.30
48.20
9.60
43.90
14.90
3.60
28.30
2.80
8.20
38.80
9.30
13.10
15.10
3.40
8.20
28.90
46.10
35.70
9.40
3.50
8.90
19.90
6.00
7.00
36.20
5.40
49.80
22.70
11.80
46.40
14.10
43.50
40.20
0.00
9.10
20.50
45.60
16.70
23.60
40.30
25.40
2.70
28.20
23.60
42.20
19.50
13.20
31.10
2.50
8.30
21.20
0.40
25.10
35.20
35.20
7.50
10.90
29.20
19.30
44.30
8.20
40.80
38.20
41.40
38.40
5.70
23.80
9.70
45.70
37.00
43.50
39.00
39.00
25.50
47.70
26.30
4.50
43.00
33.70
5.40
26.40
17.80
48.30
49.10
20.80
39.90
7.30
32.70
37.70
10.40
44.60
6.90
7.30
42.70
39.70
7.60
17.60
39.40
19.70
2.30
32.60
13.80
19.80
2.10
8.50
40.50
27.20
16.30
33.10
9.70
21.50
27.80
37.30
20.00
45.00
4.00
42.70
17.40
17.60
42.60
46.70
24.60
13.40
35.00
3.10
17.00
46.30
45.90
29.80
36.20
9.10
9.10
30.00
38.40
27.50
35.20
36.70
19.30
7.30
10.70
2.00
18.60
37.50
23.60
21.20
35.60
16.20
14.20
31.70
17.90
17.90
23.60
34.00
34.00
10.00
8.30
37.80
21.60
41.50
4.00
6.20
13.90
7.10
20.80
41.00
23.90
10.60
10.60
3.20
22.80
25.50
5.20
7.50
14.60
34.50
27.00
44.00
45.50
48.40
31.60
24.20
10.70
2.10
3.40
35.50
12.10
19.80
0.50
0.30
0.30
3.10
20.10
24.30
22.20
3.70
48.20
0.90
35.60
3.40
24.50
4.00
17.10
27.20
36.00
34.50
21.10
16.50
29.60
5.80
22.60
5.80
29.90
37.40
7.30
44.20
6.80
21.80
36.40
19.70
8.30
33.40
31.10
33.30
46.90
17.80
49.60
46.00
27.60
7.10
23.20
1.00
0.60
0.60
12.10
36.70
48.30
39.70
6.90
48.30
32.70
1.10
35.30
37.30
1.30
17.80
1.80
49.90
13.20
41.40
14.90
6.80
3.80
8.60
43.00
34.70
12.60
18.80
29.10
1.60
33.70
45.90
11.00
17.40
25.20
42.50
28.00
15.10
19.80
43.50
49.80
48.20
3.60
3.60
45.60
48.40
24.10
49.70
14.20
14.20
6.90
37.30
36.50
2.40
11.30
21.50
35.60
10.50
49.70
22.60
29.70
8.50
39.90
31.10
23.70
38.80
24.20
9.40
21.80
41.00
10.40
23.60
23.60
27.40
34.80
34.80
45.30
37.30
28.90
38.90
45.30
40.90
42.90
34.70
47.40
15.50
16.40
22.70
4.20
46.10
14.70
44.10
45.20
43.50
48.10
12.40
34.80
20.00
7.20
19.40
43.10
12.50
38.40
15.40
26.10
5.10
44.70
4.10
3.70
32.00
13.00
40.20
33.30
40.20
29.70
48.20
48.20
34.00
40.60
7.80
10.30
26.60
12.10
12.20
47.90
27.50
45.00
10.30
2.80
30.70
30.70
1.20
1.20
39.00
25.20
42.00
43.90
49.40
12.20
0.30
15.60
15.80
27.80
31.90
22.80
30.80
41.90
15.90
15.90
42.20
47.90
31.30
1.60
39.60
33.20
25.70
20.80
14.10
22.80
45.70
16.50
0.10
9.30
2.30
9.70
41.10
42.90
32.60
6.90
43.10
15.00
14.30
11.00
31.60
3.60
15.70
38.90
26.90
19.70
6.60
16.20
1.20
5.30
6.80
16.00
42.50
42.50
38.30
33.20
10.70
32.50
16.60
38.90
39.00
5.90
26.50
34.60
15.10
9.50
43.90
43.90
49.60
48.90
5.50
19.10
38.50
33.30
27.80
46.70
1.30
23.90
30.90
45.90
1.70
9.20
12.10
25.20
43.60
36.20
8.50
45.80
32.00
45.00
45.20
48.00
31.10
14.10
32.10
3.60
0.80
47.90
23.80
46.80
6.10
27.40
13.50
10.70
26.10
5.90
24.80
29.00
44.90
42.30
11.90
14.40
5.40
30.60
7.60
26.90
11.60
22.90
23.20
21.40
9.70
32.20
40.00
34.00
27.30
44.60
1.80
41.50
44.20
17.80
10.20
20.60
4.10
17.70
15.70
15.70
24.90
39.30
39.30
23.10
39.50
11.00
2.10
17.60
27.60
48.70
34.50
34.50
44.30
28.90
4.00
28.80
11.60
20.80
31.20
6.50
33.30
37.30
34.10
21.10
48.30
20.40
20.40
13.60
42.80
23.60
31.00
9.20
4.40
22.00
17.00
10.20
49.40
15.50
7.20
15.00
32.50
46.10
35.90
42.50
8.90
26.10
33.20
11.80
9.70
34.30
39.10
44.60
8.90
22.30
8.10
20.40
34.20
29.90
10.20
25.00
34.30
46.90
46.90
25.40
32.90
32.90
46.80
28.30
15.00
18.30
29.20
2.90
18.00
18.50
18.50
7.40
1.20
3.60
49.80
2.10
2.10
32.20
6.10
22.20
11.30
31.30
18.10
25.20
36.10
1.60
25.80
46.20
36.10
15.30
37.50
17.10
19.30
35.30
20.70
35.60
48.80
40.30
37.10
11.00
11.00
12.20
15.70
48.80
9.20
6.80
41.70
49.10
5.90
7.20
43.00
45.70
16.70
16.40
39.20
13.80
45.80
12.20
33.00
32.10
16.10
33.90
20.20
20.20
31.80
38.80
46.10
14.10
41.50
24.80
44.70
44.70
44.90
15.50
44.80
2.70
33.10
18.10
42.50
45.00
42.30
34.40
0.10
2.70
39.60
45.90
11.00
27.00
49.10
22.50
44.30
43.70
32.50
16.50
15.70
15.70
6.90
27.00
32.60
20.60
17.10
28.90
13.00
28.70
28.40
41.40
38.90
34.60
47.70
44.50
11.50
3.80
2.40
4.60
2.40
23.80
18.70
12.20
49.00
28.70
9.70
29.80
31.80
21.20
11.50
39.30
28.80
31.30
40.60
9.10
20.20
43.40
3.00
44.30
1.40
32.20
25.50
32.60
36.00
12.50
18.20
22.10
33.60
22.10
32.80
29.20
3.90
39.90
42.10
16.20
48.80
23.50
20.40
32.60
32.60
25.00
17.10
10.20
48.70
48.70
5.70
0.60
0.10
11.50
5.80
28.80
28.80
29.20
29.60
2.20
31.30
17.00
35.60
7.10
44.90
20.30
15.00
37.60
2.90
28.70
48.00
3.10
22.60
38.40
20.50
49.90
40.10
18.50
27.10
1.40
9.60
3.40
35.00
4.10
0.10
36.90
5.70
3.00
1.70
46.90
10.70
16.60
5.70
45.00
32.50
8.80
18.00
40.00
44.90
41.80
38.10
6.80
6.80
30.70
24.90
47.60
32.80
30.50
39.10
9.00
17.40
38.30
35.70
25.40
24.90
4.40
25.90
4.00
49.60
42.10
36.50
5.30
44.00
3.00
3.00
47.80
47.80
41.80
3.70
39.00
7.10
12.50
11.20
42.40
22.30
21.10
1.50
1.50
5.00
24.90
47.80
0.90
0.90
0.90
36.60
49.30
28.50
47.20
20.80
20.30
39.50
32.50
6.70
6.70
3.10
11.00
6.00
43.80
44.70
22.60
9.00
1.90
17.90
28.40
0.40
7.60
39.80
24.70
43.50
43.80
2.60
41.60
41.60
1.50
41.50
19.20
11.60
46.80
45.50
14.00
7.70
26.50
3.40
3.40
36.50
10.70
14.20
28.90
44.90
10.50
10.70
31.10
18.80
16.30
30.30
39.30
38.10
23.40
40.30
24.90
3.20
20.90
36.70
27.00
28.70
0.30
4.00
40.50
6.40
3.30
32.50
18.80
26.20
30.00
2.30
4.90
3.60
6.70
18.70
23.10
11.20
41.00
19.70
18.40
37.20
37.20
28.10
38.80
15.80
15.80
32.90
0.40
1.70
32.90
19.70
21.60
22.80
44.10
28.50
28.50
15.70
46.20
48.20
37.90
30.20
33.90
5.20
14.00
14.00
0.10
10.10
43.60
13.50
19.60
34.20
22.50
38.40
5.80
43.00
32.30
47.50
23.30
20.50
37.60
46.10
4.30
22.70
20.10
49.90
30.70
11.80
23.80
47.30
29.50
0.50
40.90
26.00
42.10
21.00
30.60
35.00
36.60
44.00
4.10
28.20
22.20
37.00
32.60
28.70
24.80
0.70
17.00
37.60
36.30
4.50
47.60
24.90
20.10
6.00
26.50
30.10
15.80
25.80
0.50
45.40
5.60
24.20
37.60
32.90
9.60
8.80
15.30
41.70
44.00
16.60
9.10
5.10
16.10
48.30
46.30
34.50
32.00
31.80
47.60
39.90
35.10
34.70
47.50
34.40
49.10
40.10
5.50
22.40
41.00
28.10
0.40
19.40
37.00
41.10
29.60
26.60
19.20
39.30
3.60
12.20
34.20
32.40
7.80
27.70
19.50
0.10
47.30
13.30
44.20
18.60
49.00
30.20
39.50
27.40
1.50
27.90
14.60
30.50
26.90
48.10
48.10
47.70
47.70
0.70
3.70
23.30
27.90
43.80
44.90
27.30
27.30
24.50
39.50
15.90
0.10
20.40
18.60
10.60
49.40
32.00
33.40
44.00
0.70
0.70
38.70
45.60
17.10
8.10
13.70
48.80
7.00
14.80
29.00
26.40
36.70
3.70
39.20
47.10
36.90
26.40
20.00
44.80
31.30
49.30
4.20
18.20
46.10
15.40
42.80
26.10
46.20
18.60
6.00
48.40
48.40
10.70
27.80
31.60
7.00
30.00
41.50
5.60
5.60
46.80
47.80
37.80
48.60
27.70
30.10
22.30
40.00
9.70
27.40
45.70
9.40
17.70
29.40
40.10
4.60
34.50
16.90
7.70
7.70
47.70
26.40
13.60
22.30
12.20
49.40
24.70
4.80
27.00
13.40
24.00
10.50
2.70
3.10
7.00
48.80
27.00
1.40
40.60
25.50
16.30
46.30
27.20
45.70
13.30
9.20
26.60
1.40
5.50
39.80
3.10
24.60
0.90
19.80
8.30
5.80
44.40
23.00
23.00
19.80
19.80
23.10
43.40
9.90
9.90
23.80
43.20
29.00
28.50
5.90
38.50
12.40
14.70
39.60
10.60
38.40
8.90
34.10
46.10
5.80
9.90
10.20
7.40
7.40
17.30
30.90
41.90
39.20
40.90
39.00
6.80
17.10
3.60
12.90
1.10
15.40
31.70
6.60
45.20
6.00
2.30
23.10
20.80
10.50
5.50
44.40
11.70
2.50
10.10
33.50
24.70
46.60
11.40
14.70
37.50
48.40
0.80
37.50
43.10
13.60
33.70
37.80
22.70
34.20
41.20
11.80
24.00
46.30
41.00
9.60
38.60
48.60
6.50
18.80
9.80
42.70
34.70
24.00
5.40
30.50
2.60
25.50
48.20
22.60
45.10
33.80
29.10
35.50
4.40
18.10
33.80
13.60
49.60
4.00
30.90
48.10
16.20
20.70
38.40
36.30
10.90
8.40
23.00
7.30
22.60
9.20
35.20
28.00
9.70
43.90
44.30
19.20
15.60
28.00
27.10
41.00
12.20
10.30
5.10
1.10
38.00
48.80
32.10
19.60
44.70
6.00
38.20
24.10
16.70
20.00
3.30
45.60
49.40
2.70
47.20
49.30
27.80
5.90
35.80
1.30
32.40
43.90
23.20
5.20
35.60
35.60
38.10
30.30
16.80
17.50
48.10
4.00
31.30
4.20
31.30
30.30
32.80
32.60
42.40
34.40
6.10
36.40
10.40
25.20
2.10
37.40
28.50
45.50
37.00
29.80
16.10
37.80
6.70
28.20
9.60
46.50
38.40
8.00
43.00
8.00
4.30
33.10
3.30
35.20
19.10
37.50
37.20
0.80
38.40
37.50
5.10
42.20
17.80
22.60
15.50
5.70
21.80
2.90
2.90
32.30
4.20
0.80
49.10
46.90
10.80
36.10
29.10
25.90
5.50
18.10
0.60
8.30
18.10
30.40
40.70
14.20
49.70
48.80
36.00
7.60
7.60
26.20
18.90
43.00
33.70
9.40
15.90
22.20
43.30
30.70
37.50
3.00
14.80
27.70
8.40
4.70
14.20
19.80
46.50
28.60
47.20
24.90
11.50
17.00
24.90
17.20
17.80
3.20
49.80
20.20
8.10
20.20
33.30
0.80
20.30
37.00
14.40
14.40
7.80
10.10
10.10
47.00
23.70
48.80
33.00
3.20
26.40
14.40
39.00
23.70
13.20
13.20
8.40
8.40
8.40
40.30
32.70
40.50
6.30
17.00
28.00
29.70
29.00
41.20
24.60
23.00
45.30
45.30
14.10
4.00
38.30
5.60
42.70
42.70
49.90
20.30
35.40
38.00
6.30
46.60
39.50
29.00
9.20
39.70
49.70
13.50
24.30
4.10
22.00
29.40
42.40
42.40
5.90
37.20
23.20
35.20
17.70
11.60
18.60
21.70
7.80
24.70
37.00
18.30
42.50
12.80
5.70
38.50
9.40
46.20
17.60
46.00
5.80
16.30
16.30
33.00
14.00
12.80
0.00
36.30
22.30
38.70
35.10
33.90
14.70
23.30
11.80
20.50
4.70
39.40
1.50
3.30
14.20
46.00
30.50
0.50
43.20
0.90
0.90
42.70
10.60
28.00
23.30
34.30
20.80
1.40
31.90
5.70
25.20
32.50
7.10
33.50
20.30
13.70
43.20
44.10
4.90
43.60
43.60
13.40
19.70
17.90
5.80
31.10
23.30
44.80
27.30
41.40
38.40
4.40
32.60
9.50
38.80
13.50
41.20
9.20
21.40
39.80
36.10
39.90
41.60
18.20
17.10
17.10
0.90
9.40
9.40
9.40
8.10
5.10
5.10
30.90
1.30
30.90
3.40
37.80
37.80
23.10
18.90
9.30
11.10
33.60
24.60
13.60
3.60
20.60
13.20
42.90
21.10
35.90
10.40
27.90
12.70
26.90
30.20
44.90
13.90
45.90
10.80
29.00
37.50
21.70
28.90
46.90
1.80
10.00
29.40
29.40
36.10
47.30
42.80
28.90
18.00
14.20
33.60
47.30
46.40
22.90
29.00
2.50
35.90
27.50
15.60
29.70
32.30
13.40
32.40
9.70
45.50
23.00
30.40
9.40
7.00
10.50
2.50
21.20
35.10
12.50
18.50
23.10
27.90
34.10
15.60
32.80
26.60
11.10
39.90
14.30
24.50
7.40
45.60
45.80
1.00
5.10
48.40
47.60
17.90
7.40
43.60
14.70
4.40
27.00
14.10
8.00
19.60
22.50
22.00
29.20
22.30
21.50
44.80
46.40
43.40
40.00
42.00
12.00
18.60
49.70
3.40
24.00
43.10
25.60
8.80
39.60
35.60
19.00
2.60
8.40
23.90
48.40
10.00
13.30
34.10
9.00
13.80
19.80
47.50
39.90
44.90
49.70
26.50
31.40
22.60
12.00
18.10
43.30
12.80
11.20
37.10
27.70
48.60
31.10
9.30
38.50
28.20
2.40
5.30
14.30
17.10
7.60
8.00
41.70
45.10
37.50
26.60
49.10
12.90
5.60
21.70
9.30
3.20
34.80
38.60
12.80
6.10
20.20
2.40
32.40
42.60
45.00
29.50
27.00
2.30
48.60
21.60
37.90
9.50
38.80
19.90
10.80
22.10
23.50
36.40
31.90
37.50
47.90
10.50
17.30
37.60
24.00
21.50
25.80
29.30
22.70
10.70
19.20
16.30
29.80
18.20
36.60
30.50
7.80
5.30
31.70
10.20
4.10
21.20
6.50
8.60
35.50
25.50
16.50
15.90
9.40
5.10
5.10
49.90
44.80
22.10
49.10
49.60
38.10
27.10
22.70
32.60
41.40
18.60
21.10
33.70
0.90
0.90
24.00
48.90
34.80
18.30
46.10
19.00
3.60
2.70
12.30
41.80
4.50
8.40
32.70
44.20
25.70
8.10
3.40
25.40
20.40
15.30
10.30
9.50
41.70
14.90
5.70
29.40
9.00
21.00
21.00
8.00
6.60
21.80
2.60
48.70
16.90
15.40
11.50
22.00
16.70
29.00
35.00
36.30
21.50
38.60
1.60
0.40
36.50
5.00
22.60
24.80
22.20
42.10
14.40
43.70
15.70
5.90
12.70
46.20
38.30
47.60
18.00
12.20
11.40
7.20
14.60
28.90
37.70
16.70
44.80
12.50
18.50
23.40
23.40
19.50
19.10
36.40
6.90
11.10
44.10
33.30
20.10
5.90
45.80
30.90
22.80
41.00
40.10
22.30
38.20
26.10
26.70
29.20
19.20
32.70
24.00
44.10
19.90
35.20
12.50
42.20
9.70
3.00
15.20
16.50
9.10
30.50
27.00
29.90
38.00
38.00
23.60
24.80
45.10
34.70
36.90
39.70
42.90
23.80
1.80
37.40
24.80
4.70
10.10
42.60
27.40
49.40
33.80
27.00
18.00
39.30
49.60
49.20
47.50
45.90
30.60
41.60
31.00
21.50
12.60
46.10
38.80
37.50
41.10
37.70
42.40
3.40
49.00
14.90
14.90
29.40
35.30
48.50
43.30
28.90
45.10
31.20
19.60
11.80
5.50
28.90
28.90
20.40
29.10
13.50
49.10
16.00
3.50
16.90
7.40
0.30
6.20
31.10
3.20
44.40
45.70
18.80
12.10
13.60
30.40
22.70
40.70
39.10
48.30
0.50
23.60
15.10
14.00
48.40
25.10
1.50
24.40
15.20
0.90
0.90
13.30
3.40
0.00
10.10
33.00
43.80
11.70
3.70
33.90
45.10
46.80
45.80
43.90
33.10
21.30
48.50
29.50
43.90
11.10
42.90
27.70
22.60
32.60
13.80
16.20
48.90
3.10
20.70
1.80
45.60
20.40
11.70
22.80
29.10
46.90
37.40
32.40
24.90
26.50
45.70
10.40
25.60
34.80
26.20
16.50
10.90
27.40
44.80
44.40
39.90
46.60
18.80
30.00
30.00
20.40
1.40
28.30
40.70
8.60
8.80
2.20
3.90
47.30
36.80
35.70
30.10
3.10
23.70
48.10
19.80
12.30
26.00
31.20
45.70
39.60
31.30
15.90
9.20
49.50
32.00
1.00
42.30
39.00
22.60
48.80
39.90
44.00
46.90
6.90
46.90
20.50
42.30
10.10
1.70
29.10
25.70
2.20
14.10
44.10
33.70
9.90
17.20
20.10
38.30
35.30
46.40
26.10
11.70
1.40
12.40
41.80
8.90
25.80
33.40
12.80
44.20
7.00
6.70
35.80
8.20
3.50
23.10
10.20
32.30
6.20
33.30
24.30
33.30
46.70
38.20
42.20
19.60
5.40
31.20
6.60
10.50
26.40
45.90
21.40
36.50
36.80
33.10
1.90
37.00
5.70
18.30
48.00
42.00
42.90
1.10
5.70
0.60
25.70
44.30
2.00
24.30
34.40
12.10
0.80
16.30
23.50
5.40
22.10
29.00
16.50
36.20
6.60
25.20
42.00
49.90
27.70
41.70
13.50
13.50
26.40
1.00
48.70
3.40
23.80
25.90
5.90
25.30
27.70
45.30
19.00
27.10
5.60
42.50
39.70
14.80
38.00
5.30
39.00
39.00
16.60
35.40
36.20
37.60
29.30
44.60
33.60
44.60
33.60
21.00
48.30
21.00
42.40
48.90
40.30
30.70
9.40
32.80
13.50
47.50
14.60
12.10
31.60
30.10
47.60
48.00
31.90
14.10
3.90
8.30
6.70
26.50
17.50
19.00
31.20
35.90
13.90
13.90
31.80
28.90
30.80
15.30
15.70
1.70
37.70
43.10
25.10
14.70
15.20
20.70
17.30
6.10
41.70
39.60
13.00
5.50
10.80
0.60
41.20
27.00
2.40
9.70
34.50
23.00
42.60
29.60
6.20
18.20
25.70
18.70
3.80
14.50
6.10
24.50
14.70
14.70
14.00
2.00
35.60
16.40
14.30
20.60
34.30
16.30
8.30
34.90
45.10
37.20
6.80
41.50
19.00
12.60
22.40
32.10
36.70
21.40
30.70
32.50
0.70
23.60
26.00
3.60
28.70
10.60
30.00
29.50
48.70
49.30
4.00
24.90
1.60
18.50
12.80
47.50
32.70
35.40
32.70
6.30
17.60
36.80
28.70
14.40
48.70
17.90
20.40
35.60
46.00
33.60
5.10
49.40
39.20
20.30
42.70
48.30
41.10
16.30
41.10
16.30
36.90
2.50
20.30
33.60
36.20
31.50
29.50
19.80
43.70
25.10
28.20
15.40
39.60
16.30
22.00
40.20
34.90
7.80
36.80
14.80
26.00
16.80
38.80
40.00
28.00
25.60
38.60
11.80
45.20
15.60
44.10
30.50
17.80
19.30
15.80
6.40
7.20
48.70
36.90
40.60
18.20
8.80
5.20
44.90
5.20
9.50
8.10
3.50
7.50
23.00
12.30
4.00
35.00
20.00
8.90
10.20
5.90
35.60
7.30
49.00
9.20
49.60
45.40
38.90
38.90
1.40
18.40
7.50
29.30
49.10
44.50
30.40
10.40
49.20
11.30
4.90
32.40
17.80
42.50
22.90
28.30
31.10
17.90
0.80
29.50
37.90
24.30
35.90
3.30
31.20
32.20
13.60
40.40
4.60
22.70
25.90
7.00
32.70
41.70
17.80
4.20
10.80
7.80
6.40
24.70
10.50
10.50
25.60
19.10
0.60
10.50
43.70
27.70
13.50
34.00
9.90
4.20
28.50
26.40
4.70
15.60
4.20
8.90
34.20
39.30
18.80
15.70
14.50
37.70
15.60
31.70
2.90
9.20
14.10
4.50
44.90
35.30
26.60
40.00
9.80
35.90
26.20
23.80
23.60
48.90
23.80
34.80
21.80
25.80
9.50
29.50
15.50
44.10
13.20
28.80
21.70
19.30
3.30
35.20
20.70
1.90
28.80
3.30
41.70
35.60
24.10
36.30
40.30
45.30
25.70
11.60
26.90
17.80
34.00
37.60
40.30
29.40
0.50
19.90
30.50
5.30
17.30
11.20
26.80
0.00
34.10
21.60
28.80
30.80
30.30
31.80
3.10
15.10
28.80
28.80
22.10
43.10
43.10
3.70
45.10
29.60
29.60
17.60
6.70
35.10
9.80
28.90
22.00
7.40
4.40
27.90
29.50
33.00
17.90
34.60
30.30
47.50
31.10
44.60
12.10
13.80
5.00
3.50
29.90
32.70
20.70
33.50
4.20
32.60
21.30
5.30
10.10
9.50
32.60
32.60
10.20
39.40
25.00
33.10
30.50
0.20
8.10
46.20
30.20
3.80
40.90
48.30
47.00
9.60
21.30
26.70
13.20
14.50
25.40
17.20
7.00
24.40
39.70
45.70
22.80
4.00
14.70
44.50
46.00
17.30
46.00
17.30
44.80
44.80
26.60
40.70
31.20
31.20
44.30
17.20
16.60
28.40
24.60
9.40
33.60
3.40
45.40
17.10
30.00
8.30
13.20
42.50
13.50
36.40
31.00
13.50
15.80
43.20
19.90
24.20
15.70
14.50
15.30
48.00
1.70
24.00
12.10
32.60
8.80
28.10
38.30
11.70
33.20
30.00
30.00
30.70
21.10
20.50
24.60
28.30
7.00
24.60
36.50
38.60
17.60
34.80
47.00
3.30
6.90
2.50
18.30
31.20
13.70
27.50
25.40
20.80
49.00
32.00
38.90
32.60
15.80
3.50
5.60
5.60
35.60
4.30
25.40
19.10
20.00
44.80
12.60
35.50
8.90
18.80
5.40
30.00
14.60
4.70
38.20
42.00
36.00
32.50
0.30
3.90
6.80
36.00
11.40
33.70
10.00
0.80
34.00
2.20
7.90
14.80
24.90
37.70
35.20
6.20
37.20
21.50
25.80
34.50
45.60
49.10
20.00
29.50
35.20
12.40
43.10
32.80
7.30
41.50
6.20
45.90
33.20
4.90
6.80
35.70
35.70
35.20
22.70
18.50
32.10
1.00
48.20
7.90
19.20
15.70
21.50
37.10
45.90
17.70
45.90
17.70
24.10
9.40
36.70
15.40
20.40
26.00
29.30
13.90
33.50
47.60
31.10
0.30
49.20
17.90
21.90
17.90
2.90
36.70
20.00
10.00
17.70
21.10
49.00
27.50
13.70
45.70
9.30
19.50
14.30
39.50
14.70
14.70
25.20
34.40
2.20
21.60
32.30
30.60
6.10
45.20
14.60
48.90
8.70
20.00
21.30
0.30
32.50
20.20
35.30
19.50
43.80
10.40
21.20
24.30
19.30
29.10
27.10
4.30
42.30
43.40
36.20
49.20
4.60
48.60
45.10
36.60
18.70
41.90
46.50
4.70
0.70
4.10
15.60
24.30
3.10
26.70
3.10
43.40
41.30
12.80
15.00
5.10
47.10
15.30
15.70
0.50
48.80
32.50
48.80
25.60
38.40
41.40
16.00
18.20
6.00
4.70
31.30
20.20
15.50
41.70
41.90
36.20
5.00
36.50
49.20
19.60
28.80
28.80
30.60
33.00
38.30
0.30
36.10
12.00
36.30
8.80
20.10
48.70
32.00
12.70
45.90
37.20
22.80
30.60
4.40
27.50
46.00
23.90
7.70
33.00
5.40
34.50
28.40
3.90
22.40
25.60
31.70
12.90
29.00
1.00
1.50
7.20
1.10
47.30
45.70
5.40
14.60
38.40
16.90
34.50
28.60
41.60
3.10
21.70
13.00
20.60
29.90
1.40
2.60
2.20
3.70
11.00
10.80
23.50
37.00
2.30
32.90
19.30
24.40
25.80
33.80
16.30
33.10
33.30
1.40
43.00
18.80
25.80
17.70
3.50
40.70
20.60
5.00
42.90
43.30
43.40
25.20
21.40
19.80
16.50
20.10
6.00
13.50
23.10
31.50
38.60
0.00
34.60
34.00
13.40
46.90
10.20
43.30
20.90
24.40
16.00
41.20
11.00
0.90
11.00
0.90
47.50
11.00
29.70
16.20
20.10
2.00
38.50
13.60
0.00
23.70
31.20
46.80
17.40
37.60
11.70
6.90
26.20
32.00
25.10
18.70
17.90
6.50
13.50
34.50
5.30
42.70
32.50
33.40
20.80
19.30
27.80
23.40
30.20
34.60
35.30
16.00
7.40
26.20
37.90
3.10
37.70
24.30
9.50
24.30
27.90
27.70
37.30
24.00
1.90
12.60
23.50
13.50
16.10
41.90
23.50
19.40
41.70
2.30
2.30
12.70
12.70
36.80
27.30
21.40
18.00
27.40
15.20
2.10
38.60
23.60
18.60
6.00
47.40
0.50
29.80
29.80
24.60
34.30
3.30
39.40
20.30
7.90
39.40
13.40
19.60
43.20
3.50
21.40
27.00
16.40
16.30
14.70
22.30
28.70
25.70
12.80
12.70
7.40
25.80
26.10
13.80
5.00
38.70
37.30
25.50
29.20
15.90
42.90
1.00
17.10
12.70
21.80
33.30
30.50
30.50
33.30
2.80
46.90
8.70
44.70
7.90
41.90
41.10
28.30
47.10
2.50
1.60
28.50
20.40
5.00
4.50
19.90
34.80
9.10
27.00
30.20
27.80
48.20
48.20
32.70
23.10
14.90
39.60
41.10
14.50
33.70
41.00
3.90
13.50
30.50
20.20
36.70
32.20
7.60
13.70
7.90
27.10
0.70
7.40
25.60
31.90
0.40
16.50
16.50
34.90
45.20
43.10
35.70
34.10
45.30
34.60
38.50
8.20
23.40
38.50
8.20
23.40
21.50
17.10
40.30
20.10
38.20
40.30
6.80
17.00
6.10
17.00
23.30
39.90
21.30
26.30
41.80
31.80
34.00
13.70
1.90
9.70
25.50
21.90
32.50
9.70
6.90
25.50
25.30
7.10
34.40
31.80
26.00
48.10
29.80
21.80
49.60
24.30
49.10
12.30
34.20
32.30
18.60
40.10
8.50
28.40
17.50
49.70
12.40
37.20
8.20
49.70
12.40
19.60
43.60
39.20
43.30
9.00
34.90
22.40
3.80
18.80
12.90
33.90
13.60
13.20
23.80
25.70
17.00
30.60
21.00
35.90
38.50
0.50
32.40
27.30
17.60
27.20
17.10
47.10
25.20
13.50
24.70
41.10
15.70
42.30
39.10
43.50
31.90
14.70
14.70
32.80
18.00
14.40
21.70
40.60
12.40
0.30
23.30
25.30
7.30
49.70
41.90
33.40
0.10
42.80
19.00
17.20
39.10
37.50
7.60
45.30
32.10
39.60
5.50
18.70
7.60
30.50
37.90
29.50
7.00
31.20
33.00
0.80
18.70
39.60
31.40
14.60
11.70
5.40
30.60
42.80
48.00
33.20
33.10
45.00
12.60
49.60
17.50
38.80
26.70
43.00
34.30
49.70
32.40
2.20
6.50
20.80
20.80
0.60
48.80
0.60
22.50
25.30
38.90
12.00
49.20
49.20
41.00
44.30
44.10
23.50
24.40
11.30
32.80
28.00
13.90
43.50
19.20
14.70
14.70
7.40
2.10
17.50
8.70
11.50
0.00
45.60
37.70
18.90
32.00
4.40
18.60
25.30
28.90
31.30
1.00
12.70
19.50
28.30
28.30
26.80
3.90
34.70
1.60
34.80
33.10
17.80
18.70
14.60
42.10
26.40
1.40
8.80
49.70
15.70
8.00
15.10
48.50
24.30
41.50
5.80
15.90
45.60
30.40
32.10
27.30
2.50
12.10
39.50
17.30
2.60
38.00
7.50
38.00
29.10
29.30
48.10
7.20
40.30
46.50
8.20
25.00
6.10
30.60
26.30
38.50
43.80
14.20
11.70
41.00
41.70
16.80
34.30
35.00
38.00
9.70
10.00
21.50
7.40
4.70
39.80
26.40
41.20
34.40
25.90
34.90
26.60
26.60
25.10
5.10
0.90
8.80
7.50
22.60
5.30
20.60
31.50
47.40
5.30
42.30
26.50
10.20
9.30
49.90
26.40
27.70
2.70
28.80
4.90
22.40
11.20
4.10
32.60
21.30
21.50
23.60
23.00
1.60
28.70
20.30
32.80
17.60
8.80
7.70
6.30
6.40
44.30
33.90
45.00
43.40
14.30
15.40
0.30
15.40
5.10
33.60
2.00
0.50
3.00
47.30
28.30
42.80
5.30
23.30
2.30
22.40
41.00
32.90
25.60
27.90
12.40
36.40
38.30
13.70
17.80
38.50
4.60
37.70
13.60
37.60
31.50
13.40
22.20
43.50
13.20
8.10
39.70
40.80
1.90
3.00
46.80
5.70
21.20
9.20
44.40
28.40
44.40
38.90
36.40
27.40
33.60
35.30
18.30
20.80
2.70
30.20
5.50
3.50
42.80
29.40
35.60
49.60
19.10
47.90
47.80
37.60
0.90
14.90
17.80
17.20
5.40
18.10
48.40
19.10
35.90
42.50
38.00
48.60
39.90
21.20
2.70
4.90
46.70
44.70
7.10
44.00
24.20
46.90
49.90
13.20
40.00
48.50
48.90
27.30
34.40
39.00
2.10
2.80
27.30
48.20
18.60
15.10
32.00
15.80
43.10
29.60
46.80
24.60
13.60
23.90
22.40
38.30
0.50
36.80
30.30
42.60
22.70
29.60
24.70
27.00
17.60
21.90
38.60
21.30
16.50
44.40
48.70
10.20
9.50
2.50
25.30
40.20
20.50
13.00
35.70
35.80
23.20
0.50
42.40
4.60
9.50
17.60
49.30
47.50
39.40
1.90
27.40
1.90
1.90
2.00
45.10
5.60
8.10
15.50
9.90
3.00
0.20
47.30
0.30
34.50
38.30
17.20
48.70
47.10
22.30
19.20
2.00
41.30
10.90
31.10
0.10
24.30
6.70
27.00
6.10
40.60
42.50
20.90
24.80
2.90
4.10
11.90
49.80
26.30
18.80
20.80
22.80
31.50
5.00
42.70
38.50
38.60
2.60
43.10
17.70
38.60
34.40
28.80
24.50
40.10
15.00
16.50
8.20
16.20
1.90
4.20
27.50
4.60
3.30
39.90
29.70
17.90
25.10
7.30
45.70
10.70
24.60
28.70
0.30
32.50
28.90
19.90
35.70
44.50
10.90
39.70
3.00
44.40
8.30
49.50
4.70
21.40
35.30
40.60
37.80
41.30
29.80
29.80
21.20
14.70
48.40
36.60
2.90
22.90
17.80
11.40
44.10
11.90
0.80
4.10
15.60
17.40
46.60
0.30
18.30
9.30
18.20
29.80
25.70
19.20
24.10
28.60
28.50
13.60
30.50
20.20
44.40
29.50
28.80
16.00
48.50
1.90
2.10
49.20
14.60
21.00
47.20
49.40
26.50
7.00
1.60
26.50
3.40
43.30
13.90
18.10
8.20
5.70
8.50
24.90
24.70
49.40
47.40
22.20
43.20
17.50
23.90
31.30
21.70
32.20
34.70
47.10
16.50
17.00
11.90
38.80
3.70
48.80
29.20
7.50
26.60
27.60
11.50
31.70
8.00
48.20
13.90
41.90
41.90
41.90
34.60
31.70
21.10
11.40
2.10
26.00
12.80
2.30
39.90
18.70
28.30
15.50
47.10
34.20
31.00
39.10
38.50
27.10
49.30
47.80
48.50
20.80
18.30
5.40
14.30
24.90
23.90
39.70
34.00
10.20
13.10
10.50
34.10
17.70
1.20
25.70
37.20
39.20
3.20
43.80
13.30
49.00
21.20
45.00
4.80
25.50
20.60
42.40
12.00
30.20
46.10
44.20
25.50
6.60
23.90
23.90
33.30
21.10
40.30
12.40
42.30
6.80
6.80
21.50
10.30
12.50
10.30
13.20
35.90
34.00
21.50
36.70
33.50
49.10
3.70
9.00
4.50
14.00
1.40
4.60
15.40
14.00
2.40
35.90
33.10
17.50
22.10
11.10
30.10
21.40
12.30
39.30
46.80
14.70
30.80
4.20
3.50
34.90
40.90
0.20
35.90
0.80
33.90
16.90
49.50
14.90
39.90
42.00
3.80
46.20
26.00
37.50
46.80
2.40
24.80
23.50
23.30
0.70
34.50
36.60
14.00
31.10
35.40
45.50
14.60
1.80
15.50
2.50
43.10
32.40
7.50
0.40
8.80
14.60
39.30
19.60
8.00
8.50
3.50
14.80
29.90
45.00
10.70
15.30
9.40
5.00
34.70
3.40
41.40
21.00
37.90
9.30
34.90
19.70
3.40
23.40
39.00
44.30
8.90
6.80
7.00
4.60
44.80
11.80
20.40
0.20
12.20
46.90
20.70
26.70
22.50
14.60
34.80
33.70
43.70
22.80
23.90
26.10
12.50
2.40
13.10
8.40
9.50
35.60
42.30
47.30
29.20
47.50
16.80
34.70
32.90
25.30
38.60
25.30
38.50
11.60
37.50
37.20
7.50
38.30
1.50
12.10
46.60
22.10
43.10
47.90
4.90
30.30
40.00
34.00
6.40
13.60
11.40
48.20
46.00
17.60
17.60
36.00
34.80
30.90
46.10
49.60
22.80
38.70
22.60
42.00
47.30
47.30
42.40
25.90
45.40
35.00
32.40
37.40
22.40
1.00
33.00
27.80
19.30
45.50
33.70
28.10
19.70
47.30
20.00
28.30
24.60
8.40
9.80
13.10
0.20
41.60
45.00
21.70
33.00
20.40
12.30
41.20
23.40
43.90
33.20
28.20
40.70
39.40
1.70
23.30
38.50
31.70
36.50
6.40
0.60
42.10
34.30
34.30
45.40
41.90
18.70
18.10
16.60
0.60
1.90
38.60
11.20
46.70
41.40
26.70
11.20
25.90
37.30
5.80
7.10
48.70
2.80
13.80
31.80
23.20
20.30
46.70
4.40
15.70
8.10
32.50
22.10
4.30
28.70
16.50
34.70
19.40
19.60
34.50
7.40
35.80
24.20
35.80
24.20
22.00
27.20
43.10
32.20
14.80
44.00
16.40
20.30
11.90
30.90
33.30
17.10
39.10
41.00
34.90
19.80
6.80
21.80
30.70
49.00
28.30
2.70
16.80
1.00
4.20
7.90
33.60
29.30
39.20
41.10
15.10
11.50
21.40
14.70
48.10
34.60
49.20
31.50
25.10
37.10
35.70
30.50
39.70
19.90
5.50
41.90
45.10
35.00
3.40
3.30
37.70
31.30
18.90
10.30
49.90
43.20
17.70
34.00
45.10
8.30
13.80
13.40
20.40
13.60
43.20
6.40
47.00
24.50
47.00
24.50
37.00
0.90
10.20
0.90
24.00
19.20
48.90
30.50
23.00
12.10
49.80
27.60
49.40
3.10
16.40
42.80
29.20
1.70
35.20
28.00
33.10
26.40
37.20
8.40
47.80
41.00
32.20
40.40
20.50
23.60
20.50
6.20
45.40
0.90
31.20
45.70
38.30
25.40
6.90
29.00
12.60
42.10
43.50
47.90
47.10
6.60
12.60
1.30
8.50
14.80
6.20
36.00
16.20
39.20
48.40
36.90
10.90
8.00
42.90
6.60
25.10
28.70
44.50
32.10
1.30
46.20
38.80
22.90
24.20
16.00
43.80
36.70
29.20
7.30
7.30
40.60
38.80
27.30
10.40
39.30
31.50
19.80
15.50
28.80
22.90
20.00
11.70
31.00
48.70
19.80
22.10
22.20
22.10
2.60
27.20
14.20
47.30
5.70
11.20
32.80
4.30
31.20
4.30
31.20
44.30
18.30
41.50
39.40
24.10
20.40
6.10
11.90
34.70
41.20
10.80
10.80
23.00
31.70
29.50
42.20
37.10
44.90
31.80
40.80
13.10
38.10
6.70
17.30
33.80
45.10
34.30
8.70
4.10
29.00
29.50
38.40
32.20
40.40
38.50
2.20
1.40
28.40
13.50
20.80
27.60
23.30
20.80
40.20
44.60
42.50
30.30
49.60
14.10
43.90
15.30
38.30
6.70
3.90
40.80
32.90
23.00
32.30
12.30
44.30
45.20
46.00
17.00
18.30
7.40
27.80
30.70
49.10
17.00
17.00
48.20
47.20
47.20
40.30
34.30
22.90
45.10
4.20
18.80
25.40
48.20
29.80
13.10
34.80
27.50
18.80
45.90
9.40
13.30
48.90
22.00
39.70
3.60
37.70
39.70
23.60
16.10
0.00
16.10
19.40
26.10
26.10
6.80
1.70
40.80
29.60
21.40
45.90
34.60
10.50
35.50
1.80
25.40
12.30
35.40
29.80
30.40
23.40
3.40
40.30
7.40
39.60
38.50
40.10
41.60
44.80
22.80
37.20
29.90
7.00
31.00
48.60
17.60
48.00
40.30
44.00
47.10
43.10
41.20
47.10
9.50
5.00
27.40
8.10
9.60
39.60
11.70
39.60
23.50
23.50
47.00
39.40
46.80
40.20
43.30
1.10
6.40
34.80
38.70
21.40
27.80
16.20
25.30
19.70
18.00
20.70
10.50
47.00
31.70
13.50
25.50
28.40
8.10
47.70
14.60
24.60
32.60
19.60
32.70
1.80
27.70
14.70
45.90
29.90
11.90
27.10
5.40
12.10
33.10
33.10
31.70
2.40
25.20
8.20
38.30
38.30
2.90
23.00
17.30
23.20
29.50
47.40
5.30
35.90
24.10
37.30
22.50
47.80
16.30
39.60
42.40
32.00
32.00
47.90
34.60
14.20
49.40
26.90
45.40
27.40
5.40
25.10
17.80
18.80
42.20
42.20
22.40
25.40
36.00
31.50
23.90
15.50
9.10
10.00
16.70
23.90
0.50
39.70
4.60
32.70
35.80
44.00
27.30
28.50
5.60
28.50
19.80
19.80
6.10
46.90
27.10
0.40
33.10
38.30
21.90
14.90
33.40
41.20
4.60
26.30
46.50
36.70
27.70
27.70
0.90
2.40
20.00
31.50
11.70
5.90
9.00
22.60
49.90
36.40
14.20
18.60
17.40
13.40
41.70
8.20
44.20
35.60
16.20
18.80
28.10
33.50
0.50
47.00
28.00
22.80
10.70
43.60
26.20
11.30
49.20
19.80
16.40
21.00
12.90
23.10
1.00
44.60
37.00
47.70
35.20
39.20
25.80
7.10
36.80
36.80
41.90
32.90
41.30
28.10
23.50
49.40
1.40
2.40
36.60
27.80
12.00
24.40
3.20
22.30
20.40
40.80
10.10
43.80
48.20
41.40
26.70
48.10
19.50
44.50
45.80
47.10
20.40
44.20
6.50
40.90
16.50
3.60
40.80
38.00
9.50
37.80
1.90
1.00
17.70
8.90
15.80
35.10
44.30
30.00
2.00
8.50
26.30
45.10
20.10
20.10
44.00
0.50
35.70
1.20
36.70
29.90
32.40
31.70
7.70
12.70
17.80
27.70
41.50
34.90
33.80
40.90
3.50
35.60
44.20
13.10
32.50
21.00
45.30
31.00
34.00
46.00
12.20
45.90
35.30
18.00
42.40
36.90
44.50
44.50
13.60
40.70
9.80
42.70
46.40
19.10
23.60
28.40
28.40
25.10
25.10
31.60
49.10
16.60
23.60
23.10
24.80
15.30
48.10
29.30
22.00
28.40
28.20
20.90
7.20
9.90
29.90
35.40
38.40
30.40
28.80
13.50
17.80
48.60
24.10
45.80
18.40
42.10
29.90
7.00
17.40
33.70
10.20
1.00
11.10
49.40
5.50
46.50
18.40
10.40
47.40
20.10
20.60
43.40
44.90
12.40
41.00
21.10
42.10
19.60
2.60
31.60
13.30
0.60
34.70
48.60
37.40
15.20
5.80
9.70
33.00
40.50
28.80
16.30
46.40
36.30
1.00
40.10
1.00
38.00
29.00
27.70
10.70
7.90
17.70
12.70
28.10
3.30
33.60
25.00
41.20
8.40
41.20
28.40
49.80
34.80
27.10
0.80
6.50
7.00
22.10
32.90
48.90
47.10
21.80
9.80
5.80
28.30
35.60
26.60
35.90
17.20
42.00
22.20
49.10
12.70
8.60
20.80
40.10
46.80
46.20
28.70
0.60
12.10
48.60
31.20
20.20
25.70
25.30
35.00
27.80
19.70
17.90
46.50
48.70
38.70
38.60
42.20
8.10
21.60
22.50
48.30
39.20
3.00
39.50
48.80
35.60
39.20
7.50
33.90
26.50
30.50
21.80
30.50
22.20
45.50
45.10
27.10
13.60
27.30
27.00
8.60
46.20
7.70
45.50
18.60
41.80
2.80
9.90
35.90
11.60
36.90
34.10
28.10
44.80
8.70
29.70
19.20
10.00
31.40
31.40
0.40
10.80
49.10
43.60
30.00
41.80
48.90
21.60
14.50
24.40
27.60
24.40
27.60
40.80
49.90
36.60
28.60
18.40
14.40
22.90
11.70
40.50
28.80
12.30
18.40
46.20
31.40
8.40
47.70
12.90
47.70
47.70
26.40
40.30
19.80
24.20
44.80
8.50
33.80
3.30
18.20
13.30
28.40
24.90
35.10
45.60
0.30
28.90
12.90
45.40
17.10
15.70
48.60
48.70
47.40
15.30
26.80
4.60
3.90
40.20
29.60
34.50
35.50
22.60
6.00
38.90
29.10
9.20
48.80
23.40
35.70
48.60
45.00
33.20
17.70
49.70
11.90
4.10
8.30
29.80
40.20
26.30
17.40
13.50
29.50
22.10
43.40
3.10
39.30
11.10
3.20
3.50
24.90
9.10
36.80
17.50
18.60
22.90
21.30
38.60
21.90
19.10
8.00
41.90
12.70
37.10
14.00
43.50
21.80
22.40
1.30
10.40
8.80
5.30
30.60
21.00
49.50
24.00
0.20
12.40
25.40
28.00
27.20
38.80
24.70
19.40
27.20
41.40
13.50
26.80
13.70
5.00
20.20
20.00
49.50
29.00
11.30
15.80
16.20
0.60
48.60
33.50
16.30
19.10
14.50
24.40
36.00
28.00
3.50
13.10
19.80
21.70
19.80
42.50
38.30
17.20
4.00
21.90
24.30
47.70
42.70
37.60
48.70
47.00
44.70
25.70
11.50
45.20
47.80
14.50
23.40
4.70
49.10
9.70
28.80
47.60
10.50
14.60
23.80
20.90
32.30
1.40
29.10
32.80
39.00
21.40
5.90
26.70
37.80
14.10
4.50
39.80
23.90
41.00
5.50
42.60
10.70
30.30
5.60
47.30
21.80
26.70
22.60
41.00
47.00
40.70
20.70
26.10
8.00
36.80
40.70
21.40
43.30
20.70
33.60
28.50
2.50
28.00
25.10
28.60
48.50
18.90
9.40
15.10
4.40
49.20
43.40
6.40
44.10
42.50
12.80
5.70
24.80
47.20
3.80
41.50
34.10
12.60
40.30
40.00
3.30
23.30
3.10
46.20
43.10
0.40
21.60
46.90
26.50
49.50
0.50
24.90
48.80
33.30
39.20
7.90
5.00
32.10
32.90
47.50
3.50
31.30
15.70
11.70
4.00
39.40
39.40
29.00
29.60
0.90
4.10
14.30
12.10
25.50
4.10
25.30
15.40
13.10
40.40
19.00
19.00
6.70
0.60
28.20
35.10
37.50
47.20
44.40
42.10
35.00
23.50
32.90
25.70
12.00
44.90
0.30
27.00
7.20
16.30
11.70
38.60
26.90
7.10
15.20
44.70
31.50
17.80
20.70
19.90
24.30
19.70
29.40
24.70
20.50
34.60
25.50
13.70
16.30
15.40
15.40
19.40
43.60
21.80
9.50
15.20
2.70
43.50
26.30
48.50
49.40
17.30
8.60
31.90
2.80
47.90
41.80
46.30
7.70
5.70
16.90
10.70
3.00
6.00
40.70
48.70
23.90
39.10
10.90
32.10
10.30
32.00
1.20
33.40
48.10
43.90
26.50
22.20
44.10
37.70
26.80
35.40
17.10
42.70
21.00
8.50
28.70
46.60
37.00
34.00
29.60
42.20
29.60
25.10
37.30
37.40
8.70
37.40
36.40
21.70
44.40
1.90
31.70
48.40
48.40
26.50
42.70
36.80
4.10
43.90
4.20
46.30
43.40
31.60
9.40
46.30
28.70
48.20
44.60
14.10
10.30
17.00
34.70
16.50
17.40
48.80
17.40
36.00
20.90
36.90
2.40
21.70
22.00
30.90
7.40
28.00
21.10
47.60
47.60
37.40
36.80
16.40
42.20
44.60
31.70
1.80
31.10
17.80
34.10
44.50
6.20
6.20
19.80
43.20
29.10
32.10
44.10
38.60
25.30
18.20
38.70
37.50
7.90
9.10
34.50
47.00
36.70
20.80
28.90
29.40
34.90
14.60
15.00
26.90
21.70
36.00
36.50
7.80
18.60
40.10
4.90
35.50
42.40
5.90
34.40
34.40
9.90
27.90
8.40
26.20
22.20
1.50
26.50
26.50
46.20
8.70
36.40
34.00
17.60
46.30
16.10
15.90
48.50
17.80
11.70
16.30
32.70
1.40
35.90
20.50
27.00
3.60
36.00
34.00
36.00
7.50
42.90
45.80
35.90
35.90
41.20
28.70
30.50
29.50
29.10
44.00
42.90
24.80
16.90
35.50
14.00
31.50
17.80
15.30
43.50
12.20
44.10
31.40
42.60
44.30
49.90
28.70
24.90
22.10
0.80
31.90
36.10
6.20
5.00
47.10
27.90
2.90
27.20
3.70
45.80
48.10
38.20
27.30
42.60
11.60
40.00
12.30
11.60
40.70
1.70
42.80
39.90
40.00
39.90
31.40
40.00
5.40
44.20
42.00
35.30
29.10
28.00
17.00
17.00
14.70
11.20
47.50
48.30
25.70
25.80
25.80
3.30
16.80
35.30
41.50
13.00
21.90
26.40
44.40
25.00
39.70
7.00
9.90
39.50
43.70
0.20
29.20
21.90
8.80
44.30
38.10
32.70
23.60
27.40
25.50
1.00
47.20
13.90
43.80
22.90
30.70
6.60
38.40
5.10
40.00
23.30
8.90
8.60
18.30
42.20
8.20
43.80
42.90
36.70
46.70
21.10
25.20
34.90
33.90
2.60
8.30
20.60
39.40
4.90
18.20
15.90
21.40
44.90
10.90
19.20
0.70
4.90
36.50
32.20
0.20
5.80
18.30
5.80
18.30
14.40
11.10
8.10
16.60
21.40
44.30
8.90
13.50
34.60
48.40
34.00
21.50
28.80
24.60
5.30
1.20
41.10
38.50
38.10
46.70
28.90
29.90
17.40
8.20
3.20
48.00
29.40
2.30
11.00
44.60
21.80
2.70
26.00
19.10
16.30
48.00
3.60
40.00
5.10
6.40
48.50
8.70
42.30
25.10
6.20
25.20
11.40
38.60
32.40
49.60
40.30
7.10
13.90
26.70
15.50
27.30
27.30
8.10
8.60
21.00
11.70
41.00
3.80
34.00
6.20
43.60
25.80
49.30
40.20
20.00
30.80
24.30
3.00
44.80
5.30
25.80
29.40
8.70
36.40
11.50
37.00
8.00
45.00
27.90
21.90
12.50
22.60
36.30
4.00
30.00
44.20
31.40
38.00
22.70
15.10
39.80
48.10
42.00
6.00
9.10
6.30
30.20
22.00
19.10
42.40
3.10
11.00
3.90
26.00
27.60
26.10
34.90
15.20
34.30
35.30
41.60
37.60
49.80
47.40
4.20
40.00
32.30
10.00
8.00
8.00
22.10
37.50
9.10
31.00
22.90
8.90
31.10
4.70
40.00
6.90
46.80
46.40
29.30
37.00
21.90
11.30
28.30
40.00
20.80
41.80
28.00
48.90
48.60
1.30
18.90
19.60
30.20
34.20
10.10
11.00
6.00
40.70
49.50
8.00
8.40
46.40
3.70
22.20
9.40
43.70
41.20
47.30
40.50
9.60
49.60
34.30
4.50
15.40
6.40
30.20
13.30
12.40
42.00
17.40
4.20
47.30
10.50
17.50
1.80
11.00
18.60
13.90
39.60
42.40
32.40
27.80
35.10
45.20
40.30
14.90
14.90
47.50
16.10
22.50
37.60
0.80
12.90
7.50
28.60
46.20
24.90
45.30
5.60
22.60
3.30
44.30
6.80
13.10
30.80
32.60
41.60
27.10
42.00
37.80
36.70
5.00
11.10
45.60
1.90
30.40
6.00
10.50
29.70
39.00
38.70
4.90
12.10
24.00
30.60
8.80
31.70
29.60
10.30
16.80
31.30
38.90
44.00
40.40
17.60
24.90
47.30
45.70
48.80
6.20
49.30
16.70
39.60
49.00
36.70
3.70
9.90
25.40
20.80
3.30
16.80
1.90
22.70
16.20
24.60
9.00
15.30
45.60
10.50
44.90
2.90
24.20
13.00
12.60
1.00
37.70
18.90
15.60
4.60
4.40
40.60
18.40
5.60
10.10
9.80
25.10
11.90
6.20
16.00
10.30
43.50
49.60
43.30
2.10
35.10
35.30
4.40
27.20
12.30
19.80
14.90
16.40
19.60
27.50
32.00
4.10
39.00
40.70
17.40
45.60
47.30
30.90
15.00
28.30
3.40
10.50
19.10
16.20
9.80
45.60
25.50
49.70
1.00
20.40
26.00
11.10
23.00
3.20
42.50
7.40
17.10
10.10
16.20
28.20
28.20
5.70
7.60
4.60
17.60
15.30
23.70
4.10
37.10
37.10
22.40
24.20
14.80
19.10
44.30
47.60
5.20
41.20
7.10
39.40
35.00
49.20
8.80
29.40
18.60
30.30
18.30
19.70
41.70
40.00
34.90
17.80
4.50
35.50
23.50
38.40
20.70
41.90
44.30
38.50
29.10
1.90
36.50
45.50
47.80
33.90
23.20
35.30
37.10
6.40
21.70
38.20
47.40
7.90
33.10
41.40
4.40
3.20
30.40
43.40
16.10
38.40
33.90
26.10
32.40
10.70
0.80
41.90
34.30
25.60
10.10
14.60
3.30
28.80
35.50
41.90
17.40
31.00
47.00
0.20
22.40
45.10
16.50
14.90
12.20
3.20
18.60
3.20
24.10
40.30
11.20
9.00
34.60
8.00
18.20
12.20
3.60
20.50
22.50
27.40
9.40
12.70
27.00
10.70
17.40
7.70
39.90
14.30
6.90
7.60
6.20
2.60
7.60
19.90
47.90
8.80
3.60
27.90
44.90
49.10
46.90
13.40
3.40
18.20
42.90
17.00
7.20
8.10
7.00
11.80
21.40
2.30
19.70
17.40
0.50
34.40
31.70
39.60
4.90
16.10
41.60
44.40
43.70
18.70
44.70
19.80
15.00
3.80
42.90
42.90
17.50
49.40
28.00
42.40
1.90
49.40
28.00
0.90
18.00
41.60
18.00
43.70
22.70
7.90
2.80
47.00
47.30
47.00
47.20
17.50
32.60
18.60
25.30
15.50
4.10
3.90
15.80
28.90
29.10
3.50
3.50
5.00
8.20
5.30
25.50
46.20
0.20
47.70
15.60
38.00
1.20
44.60
40.40
1.70
21.00
17.00
2.50
34.70
33.90
26.50
23.50
29.00
15.20
36.10
37.00
27.00
4.70
23.60
9.50
13.60
15.20
49.90
33.60
29.70
5.90
34.70
15.20
41.40
42.70
4.50
30.20
43.90
2.80
8.60
3.10
8.60
39.10
31.80
24.10
3.60
3.40
18.30
4.40
28.90
26.50
4.60
7.20
18.70
22.10
15.20
47.10
2.30
7.90
41.00
7.50
9.70
3.00
25.50
46.50
9.20
10.00
33.60
33.60
33.70
4.60
1.10
17.60
30.30
4.20
18.90
42.90
4.10
45.90
21.70
24.40
24.40
39.50
13.60
12.50
34.60
10.30
34.20
15.70
44.50
7.70
21.20
11.80
3.70
34.60
26.20
10.80
12.50
30.10
11.60
38.20
30.40
32.20
0.00
31.50
40.60
45.70
41.10
47.10
8.10
32.80
11.60
27.40
24.70
20.60
45.50
4.30
25.70
46.80
16.90
46.00
20.30
20.30
9.50
33.60
32.20
32.20
10.10
32.20
3.60
28.10
22.40
22.40
22.40
22.40
21.20
22.10
38.60
3.50
48.70
38.60
20.70
17.30
22.10
15.90
45.40
0.70
18.10
36.10
25.00
37.20
6.40
22.80
39.30
41.60
34.50
22.00
37.60
5.30
46.10
22.80
36.30
34.90
24.60
10.30
16.20
6.10
24.90
0.60
6.60
44.80
20.50
41.70
6.00
47.10
48.40
26.30
24.50
44.30
11.80
16.00
7.30
43.60
26.10
26.20
41.50
15.80
3.70
30.00
48.60
41.90
41.90
33.40
40.00
25.90
25.90
11.60
34.10
40.20
20.20
10.80
35.20
31.60
4.00
40.40
42.60
37.40
47.60
42.60
22.60
25.00
42.40
29.80
2.70
43.70
29.50
10.60
46.10
44.70
2.30
19.50
19.40
23.20
36.80
36.70
30.30
49.40
36.20
49.40
2.30
47.90
42.20
42.20
35.20
15.00
26.30
5.80
1.80
20.30
36.50
30.40
12.80
33.00
44.60
17.20
17.70
33.00
15.00
18.30
14.20
15.00
3.00
6.10
20.40
3.30
23.90
25.00
48.00
18.30
16.10
17.60
18.90
36.50
19.50
7.10
26.20
1.00
5.30
48.90
28.10
10.10
18.50
46.80
23.70
23.60
11.00
8.30
16.20
30.90
48.00
30.80
1.30
0.60
40.70
46.80
49.70
2.50
38.70
11.90
10.30
46.90
17.50
13.20
4.30
2.50
37.40
6.90
34.00
46.90
23.80
18.00
38.90
1.30
10.20
37.40
26.50
6.40
7.40
7.00
4.10
36.10
6.40
24.10
47.90
31.30
7.50
20.10
27.40
45.00
33.00
29.50
6.20
20.50
21.50
29.20
34.90
14.20
29.60
42.20
26.50
4.00
1.70
6.00
8.20
31.90
48.00
15.40
10.80
2.60
31.90
3.30
34.10
34.10
48.10
0.30
3.10
18.70
8.80
16.70
33.60
32.50
41.70
41.70
21.90
46.70
0.00
39.70
38.60
33.80
42.00
35.90
34.00
49.80
26.50
34.40
26.20
35.10
23.10
9.60
9.50
19.90
16.80
48.30
28.30
41.90
6.80
16.50
47.80
29.30
29.60
11.00
21.40
12.70
42.50
48.80
40.20
35.80
31.00
37.10
48.40
37.60
0.80
28.40
28.40
43.60
13.50
34.00
37.50
36.50
37.80
49.60
24.60
9.70
4.40
4.50
46.50
37.50
36.90
10.50
36.20
2.70
22.60
22.60
11.50
4.40
39.70
28.30
13.60
42.20
22.20
4.30
3.70
39.10
28.80
13.30
15.90
16.90
34.70
8.20
18.40
40.10
31.30
9.00
9.60
9.60
10.20
40.40
45.10
22.70
8.10
3.40
13.60
46.70
9.20
41.10
4.10
32.50
31.60
34.70
39.40
22.50
6.70
42.90
15.90
44.90
46.30
46.10
47.30
28.60
20.70
18.70
41.10
4.40
21.20
29.90
31.90
29.20
29.20
12.50
33.20
30.30
25.50
40.10
5.70
13.60
5.70
22.50
30.40
43.20
45.30
5.80
5.80
36.10
38.50
31.20
26.80
9.90
21.20
3.90
13.40
31.10
4.60
0.00
0.60
15.90
38.50
28.70
28.20
46.00
17.30
48.90
39.60
21.20
46.20
41.00
36.20
0.50
21.70
31.70
29.10
4.30
17.10
10.20
4.60
47.10
18.00
3.60
4.70
27.30
48.30
20.70
44.40
44.40
43.50
46.30
18.40
35.30
40.00
10.70
3.80
45.00
39.60
17.20
2.20
14.60
13.10
30.70
43.60
37.00
18.50
47.40
44.80
35.10
46.90
12.40
20.00
21.00
33.70
21.70
27.90
32.80
39.20
19.50
18.80
45.90
15.90
16.60
15.50
49.70
25.80
44.50
1.60
7.00
24.90
31.10
44.50
17.70
43.90
30.50
30.00
46.40
48.50
41.00
9.90
33.20
31.00
29.10
7.90
49.00
9.50
22.10
36.90
22.70
43.80
28.30
39.20
37.60
8.90
36.50
24.00
24.00
11.20
0.40
24.00
29.90
33.40
10.90
43.30
23.00
49.40
48.40
40.10
18.30
10.20
39.80
22.40
19.90
35.40
10.50
10.60
34.70
12.00
20.10
12.00
18.10
20.10
6.50
36.50
43.50
2.60
30.00
48.20
19.60
28.20
38.60
38.60
14.80
3.30
3.30
1.80
5.70
18.70
24.80
9.00
33.10
45.00
15.60
39.10
26.00
46.50
5.80
23.80
0.20
29.30
15.40
25.40
15.50
10.50
45.60
4.90
21.60
33.70
41.40
45.50
30.20
35.20
30.20
40.80
24.30
25.90
21.50
3.50
5.30
32.90
28.80
48.50
27.70
2.10
42.70
41.50
15.40
8.90
0.80
20.50
33.80
7.30
30.50
10.80
37.50
0.40
40.70
10.80
32.50
49.40
27.60
44.20
34.10
2.90
49.90
34.40
48.40
36.80
15.80
14.50
3.00
35.40
11.30
0.70
9.50
33.50
9.10
2.60
22.30
38.80
28.20
42.20
33.40
15.70
15.80
16.60
25.80
39.10
19.90
32.00
5.20
21.30
15.90
37.70
41.70
15.30
39.70
40.30
13.50
34.00
40.10
21.60
30.30
4.00
31.20
33.80
43.20
34.30
45.40
43.50
7.00
1.50
45.10
38.20
43.30
24.70
35.00
11.70
27.00
8.10
5.20
26.80
17.90
7.60
2.30
9.80
19.30
49.20
7.40
43.50
15.00
46.00
46.00
22.70
19.60
37.20
4.60
49.40
49.40
12.20
24.40
38.90
41.10
13.00
9.10
19.70
31.10
42.40
4.30
27.20
37.60
23.90
34.80
34.40
33.10
10.40
10.30
46.00
43.00
16.00
35.10
23.90
38.00
27.10
20.60
41.40
3.70
16.60
14.70
47.20
32.50
43.70
21.70
28.70
20.80
10.80
6.00
28.30
14.40
14.40
44.90
1.50
41.10
31.30
41.10
48.30
15.10
20.40
35.30
15.30
35.30
29.40
6.90
47.30
7.30
5.50
41.00
35.10
31.60
21.90
42.20
26.00
16.40
44.90
12.20
22.10
23.00
8.60
48.40
9.90
31.90
33.10
12.70
9.50
31.20
3.70
37.60
14.50
34.20
15.70
12.00
6.30
8.70
10.00
17.50
14.30
20.50
49.00
26.10
47.80
47.90
10.90
1.60
34.40
19.10
4.50
33.60
27.80
27.20
44.40
8.70
23.30
11.70
25.50
43.50
22.10
19.50
6.20
7.20
31.90
24.40
10.30
29.00
47.40
5.50
10.50
14.10
17.30
30.10
21.90
14.40
15.40
27.30
41.90
22.80
34.80
47.20
29.20
9.90
23.50
8.90
22.00
8.00
22.40
39.30
34.80
22.30
6.60
23.40
25.90
35.60
47.80
2.90
6.60
6.60
6.80
10.50
8.50
31.30
3.60
41.70
2.90
29.90
46.50
29.10
10.80
3.10
10.80
3.10
29.80
34.20
21.20
21.30
21.30
21.20
21.30
40.10
7.70
49.90
11.90
12.00
9.70
22.80
23.00
44.10
9.50
28.10
48.50
19.70
18.10
30.40
14.10
31.00
27.10
14.00
25.40
15.00
25.30
49.40
29.60
13.50
0.50
0.50
1.20
30.20
42.10
37.70
23.40
11.10
46.70
23.80
48.00
46.40
6.10
12.30
25.90
19.70
4.20
14.40
40.60
40.20
44.40
12.50
46.50
10.20
4.90
9.60
25.70
25.70
15.60
22.10
10.70
17.90
32.50
46.00
2.10
39.90
39.90
32.60
45.00
9.00
7.60
38.00
41.80
44.00
20.60
6.40
45.00
44.10
18.80
6.80
44.30
18.80
6.80
11.20
48.70
11.40
48.60
25.60
11.70
23.50
7.00
39.70
16.40
17.50
9.00
45.70
0.50
11.30
48.50
2.10
0.10
30.40
18.10
12.10
28.70
19.50
47.70
35.10
15.30
23.00
11.40
5.00
41.80
42.40
44.70
26.10
15.50
27.80
29.00
34.90
5.50
24.10
9.40
47.00
8.80
2.30
17.10
12.40
36.40
18.60
7.50
35.90
33.10
31.00
0.80
14.00
44.50
17.40
34.50
24.20
22.70
13.40
42.00
20.10
6.60
6.60
46.90
19.30
2.30
7.20
35.40
49.20
45.40
13.90
25.40
19.40
1.20
16.90
3.60
43.80
38.20
6.20
0.30
16.50
30.70
31.60
33.20
49.20
19.00
34.80
34.40
5.20
35.80
46.90
44.50
25.10
47.30
46.60
46.60
3.30
31.50
3.30
29.40
18.70
38.20
49.20
17.30
25.20
33.30
21.10
21.60
10.00
32.90
25.10
7.50
7.50
48.70
16.50
1.30
32.20
3.00
36.80
11.20
47.50
47.80
43.80
42.10
12.80
19.40
43.60
43.60
49.00
9.30
47.30
16.00
14.70
45.80
23.90
25.90
15.20
10.50
32.20
46.90
45.00
36.80
27.70
12.60
22.20
46.10
36.00
1.10
46.60
46.10
17.20
12.40
43.60
20.60
11.10
37.70
31.10
37.30
25.10
12.70
19.30
13.40
40.30
39.50
42.70
15.40
20.60
14.60
15.10
21.40
3.30
13.50
49.00
1.10
38.80
18.90
3.20
17.80
12.10
4.10
17.90
48.80
13.10
23.40
14.20
30.30
28.90
4.50
29.80
35.20
37.60
44.30
23.80
15.30
27.20
2.30
40.50
15.60
33.10
13.20
3.30
25.80
34.90
29.10
2.10
0.70
44.00
0.70
32.00
36.40
18.40
43.40
26.40
41.30
1.10
15.20
43.60
45.90
36.60
13.00
42.50
41.10
30.30
40.70
38.70
39.30
21.70
14.40
19.50
42.70
33.50
34.00
9.10
18.30
12.50
39.20
33.20
32.40
6.40
32.00
5.80
41.10
11.60
43.50
23.40
27.00
21.30
6.80
46.20
45.90
30.60
31.60
8.10
41.20
9.20
2.20
2.50
7.30
13.70
18.60
18.80
46.20
25.30
5.40
40.20
1.30
0.30
43.70
22.90
3.60
25.40
30.20
41.80
30.20
45.10
25.50
8.20
32.30
32.30
10.10
37.40
25.80
27.30
14.70
12.00
17.50
34.90
24.20
23.90
47.40
14.40
41.90
14.10
14.20
41.90
14.10
14.20
14.20
14.10
39.60
38.50
38.80
6.50
6.70
18.30
3.00
43.50
44.90
3.90
5.10
47.40
20.80
22.00
32.30
35.40
46.60
47.70
8.70
24.80
44.30
48.70
13.20
45.20
30.40
26.70
39.90
17.50
12.50
9.30
31.10
20.30
32.80
3.10
20.30
12.70
45.80
18.00
14.50
21.10
25.10
30.80
32.10
7.20
15.60
19.10
0.00
49.70
33.00
34.90
12.40
1.00
11.70
1.00
27.80
3.40
27.40
16.80
27.70
38.90
0.90
36.80
36.00
8.00
48.10
28.50
29.50
42.00
34.50
46.70
0.00
19.40
9.00
0.70
38.90
45.80
19.10
19.10
6.30
26.60
11.60
6.50
3.90
43.70
38.40
23.20
15.90
1.60
33.10
42.50
38.50
8.30
22.80
12.00
38.30
15.00
45.40
9.80
5.90
17.10
5.20
35.90
2.30
17.80
47.50
8.50
27.80
45.00
16.50
5.20
36.80
43.30
25.10
27.20
41.90
49.30
28.20
11.50
30.00
26.10
42.70
13.90
29.90
1.70
36.50
20.80
8.00
15.70
37.50
45.00
46.20
39.50
1.50
15.70
34.10
10.40
37.50
35.70
39.10
0.50
1.80
49.50
31.90
49.50
31.90
35.50
16.50
49.60
34.10
6.40
36.30
38.80
19.80
47.70
21.30
39.90
2.10
3.50
34.10
41.30
30.40
30.00
20.50
22.50
22.50
5.30
44.60
21.30
27.20
31.90
42.00
30.60
22.70
0.00
38.20
37.20
10.30
15.60
4.90
38.40
16.50
41.00
16.80
27.70
20.80
3.50
26.30
45.40
49.00
48.30
21.10
41.40
19.60
17.90
24.40
13.10
34.30
38.70
5.00
29.70
40.30
25.30
49.70
30.00
30.80
46.10
30.80
5.10
0.60
48.70
28.00
21.50
26.20
8.50
21.70
36.80
43.50
22.00
7.00
17.10
27.50
37.50
31.00
10.10
16.90
12.50
15.30
36.70
33.50
14.50
32.80
15.40
10.10
28.40
47.50
2.70
43.50
37.50
7.80
30.10
10.60
39.90
40.30
21.10
12.00
22.40
7.30
49.40
46.20
11.70
8.40
0.00
46.20
26.00
43.50
24.70
14.20
46.90
27.90
4.10
38.00
36.70
25.70
35.80
17.10
2.80
45.40
9.70
28.30
5.50
31.30
32.80
3.70
48.30
22.00
44.30
14.00
9.10
14.20
14.20
45.70
45.70
45.80
23.80
9.30
33.70
32.60
11.50
26.50
11.50
26.50
30.10
49.90
32.10
35.80
8.60
3.50
5.50
30.40
12.10
42.80
21.40
20.70
28.30
44.50
42.40
0.00
8.70
12.10
4.40
6.10
35.10
31.30
39.80
33.40
33.40
36.70
9.30
23.90
32.30
28.10
49.60
4.80
47.70
7.10
32.00
19.20
1.20
2.00
36.40
49.10
33.40
4.20
17.20
34.60
28.70
28.70
19.50
6.90
32.30
31.40
4.80
7.70
32.60
43.10
7.70
11.40
21.50
36.20
19.90
15.10
5.10
41.90
30.10
8.60
30.10
6.90
16.50
16.50
39.60
35.70
36.00
13.70
31.90
31.50
21.20
34.80
45.30
25.20
21.80
48.00
36.70
0.60
8.10
7.00
8.90
27.30
35.70
21.60
10.10
36.90
33.20
48.60
32.20
19.40
38.10
4.70
30.30
20.10
22.20
42.50
24.60
47.20
48.70
27.50
4.10
13.40
11.20
8.30
47.90
42.00
4.10
22.00
10.40
31.10
2.40
11.70
34.20
19.40
39.00
25.50
34.30
34.50
25.20
14.50
37.60
2.90
44.40
4.40
12.40
35.10
14.60
11.30
22.70
12.70
13.90
31.20
31.50
5.70
38.70
49.70
47.90
27.10
32.80
9.50
21.50
7.40
42.20
35.10
15.40
24.80
35.70
3.20
27.80
34.80
46.60
16.70
31.80
35.80
41.40
26.30
39.40
12.00
6.20
25.20
11.10
44.10
38.10
44.00
29.90
24.60
22.20
35.80
43.70
16.40
21.60
10.00
5.70
43.70
46.00
44.50
11.30
46.20
38.80
6.30
14.90
26.10
2.50
2.50
11.90
15.80
48.70
31.80
4.50
31.80
7.00
25.80
33.10
44.40
7.10
33.80
18.20
44.00
34.30
22.10
22.10
41.50
37.30
43.30
10.20
25.30
44.60
41.20
29.20
42.70
10.70
36.20
14.10
29.80
12.10
42.80
34.10
32.90
33.10
49.80
5.80
25.80
2.60
2.60
41.20
38.80
7.30
39.60
6.90
45.10
36.10
47.20
48.50
9.20
39.40
3.40
0.70
31.50
34.80
36.50
37.90
20.70
25.90
27.40
16.90
42.50
42.60
41.60
41.60
7.60
32.00
45.00
0.40
35.90
0.10
36.30
12.20
23.10
1.60
3.90
12.70
14.90
8.40
30.50
13.30
33.10
33.10
32.60
19.80
18.10
44.60
32.00
19.30
34.90
18.00
14.80
44.10
42.30
42.30
39.50
11.50
26.00
11.40
3.10
37.70
45.30
16.70
13.60
16.70
20.40
36.60
29.20
29.50
36.40
12.10
23.30
20.30
16.50
41.50
30.30
24.20
11.60
44.40
24.20
15.00
43.50
11.60
43.50
36.90
46.30
48.50
26.20
27.20
15.30
5.30
35.40
6.90
11.40
6.60
35.20
25.10
17.90
35.80
28.90
37.40
33.00
28.60
4.30
43.40
18.90
40.70
37.30
21.20
36.80
0.80
1.90
32.20
34.50
49.60
10.80
42.70
23.50
25.70
28.80
6.80
29.60
21.20
7.00
32.50
7.20
12.80
20.40
0.10
35.70
20.60
32.70
43.10
22.60
1.80
46.00
24.90
37.00
2.40
44.80
22.30
47.00
8.10
21.30
22.90
8.00
46.40
24.00
33.60
38.70
40.20
19.90
9.90
12.80
40.70
14.60
21.50
32.10
40.70
14.60
21.50
21.80
44.00
21.50
39.00
29.20
7.40
38.00
15.20
13.00
44.40
26.30
18.80
19.10
26.80
16.40
20.30
22.30
25.60
18.70
3.10
1.80
32.80
36.30
34.10
28.60
27.00
14.90
16.70
18.20
5.50
32.70
10.60
18.20
9.70
47.10
47.10
3.00
37.00
19.20
33.30
6.40
12.30
4.30
21.70
27.40
3.70
42.10
30.80
45.50
36.70
45.50
36.70
47.90
47.00
24.30
33.00
4.00
45.70
17.00
17.00
16.40
7.60
17.20
13.60
39.40
30.90
18.90
39.30
18.50
31.10
0.20
2.20
15.50
47.50
24.60
18.20
34.90
46.60
23.60
8.90
27.60
26.10
38.50
23.30
0.70
3.90
44.40
27.20
30.30
28.20
24.20
26.80
16.10
46.00
46.80
28.60
42.90
26.60
46.10
35.60
21.80
43.40
40.50
40.50
27.50
17.80
30.40
44.40
21.90
48.50
4.60
42.30
25.60
22.10
12.30
14.10
23.50
39.20
49.20
41.90
24.50
49.10
19.30
37.90
5.60
32.70
23.80
17.50
38.60
38.60
11.00
38.50
30.10
5.70
44.40
43.00
34.40
0.00
3.00
25.50
2.20
12.10
40.60
43.50
37.20
41.50
0.80
49.20
32.00
36.90
33.40
6.60
35.10
32.20
49.30
0.50
46.60
45.80
23.20
23.20
14.30
23.20
28.90
0.40
22.40
39.90
4.30
8.10
20.80
0.20
35.10
36.60
11.50
24.90
8.00
48.90
24.00
6.00
37.80
16.90
16.90
8.30
31.70
7.90
18.40
17.40
18.30
45.20
32.20
21.80
39.10
21.90
37.80
19.40
28.50
47.50
12.20
39.10
0.50
21.10
49.60
30.30
43.20
29.40
29.40
35.50
31.80
3.30
21.90
42.60
5.90
15.70
5.30
44.50
5.60
0.50
14.60
30.30
2.40
18.80
13.50
40.40
28.80
20.50
23.80
17.90
25.30
44.70
24.20
3.80
42.10
32.70
42.50
46.80
29.80
33.60
13.10
6.20
6.20
48.70
29.60
14.10
2.00
33.50
32.70
11.50
6.90
19.80
41.10
37.30
27.90
36.50
20.30
37.70
11.80
9.50
28.20
4.80
26.70
20.60
16.60
45.40
18.60
12.50
32.60
44.00
33.00
0.10
34.60
22.10
49.30
3.50
22.50
7.00
47.00
42.10
26.50
48.20
4.80
47.20
39.70
0.20
5.40
46.10
40.60
2.80
32.40
3.00
10.80
46.90
6.40
11.00
9.00
39.10
35.60
41.80
35.70
16.20
39.40
39.40
5.50
13.30
44.00
46.40
15.30
47.50
6.30
15.30
47.50
6.30
18.70
1.90
0.00
22.40
16.60
1.10
47.60
14.80
4.50
44.80
31.20
10.60
25.80
0.30
35.00
35.00
2.50
39.00
48.50
29.00
9.90
6.40
3.00
31.70
4.00
17.00
21.80
9.40
28.20
10.00
29.00
23.20
4.70
39.80
32.30
3.50
14.00
22.50
31.70
12.80
12.50
2.40
40.90
33.30
16.70
37.90
27.80
17.30
32.20
9.10
47.70
48.20
29.90
40.50
49.90
26.30
49.90
26.30
30.10
24.80
39.70
21.40
34.70
40.00
44.30
25.80
44.70
48.00
44.70
49.20
12.10
24.60
10.90
39.30
48.90
28.70
42.30
20.60
14.40
14.40
42.30
11.10
24.70
8.20
6.30
5.60
2.90
36.70
34.00
23.80
44.00
26.50
7.30
6.80
22.50
29.50
40.60
25.80
48.70
24.60
40.10
36.30
11.40
21.90
9.80
25.30
28.10
6.90
10.40
7.20
32.80
17.00
20.40
36.90
48.90
14.50
29.10
48.70
12.80
44.90
45.20
42.00
26.30
1.70
30.90
15.60
4.60
7.00
49.10
42.10
44.80
25.00
34.20
7.70
21.60
1.30
45.10
38.80
10.30
23.50
12.60
18.30
19.40
39.60
33.40
38.60
33.40
13.10
43.60
14.80
31.80
6.40
30.40
0.40
0.40
7.40
40.20
42.40
49.30
28.00
48.70
49.60
1.30
30.20
27.60
7.30
6.40
30.20
27.60
24.80
24.80
13.10
46.80
48.00
4.40
26.50
14.20
2.10
31.40
43.60
37.90
4.50
25.80
23.50
48.10
8.10
15.40
16.70
4.70
25.00
47.30
35.10
39.70
0.00
12.60
30.60
27.20
37.70
45.80
18.60
22.30
29.20
1.90
22.40
27.40
4.10
13.50
17.80
17.80
26.10
1.30
28.70
11.60
9.60
11.20
15.20
34.10
3.60
0.80
23.70
42.90
19.50
35.20
0.60
45.00
25.40
25.20
7.70
49.60
19.50
6.80
37.40
44.00
31.30
39.40
39.10
44.70
4.80
33.90
14.70
4.60
14.50
12.70
11.10
29.80
22.20
4.00
41.80
26.30
41.00
22.30
48.50
13.10
13.60
3.40
4.30
3.60
23.30
15.20
15.00
24.40
46.00
31.80
33.90
40.40
46.30
5.80
44.60
45.40
47.70
12.60
42.60
26.90
30.30
44.40
9.40
44.40
9.40
39.50
39.50
22.30
47.00
22.30
22.30
23.80
28.80
3.50
43.70
10.60
37.30
41.60
39.20
26.10
43.90
24.40
39.00
10.60
38.60
14.90
10.50
3.60
3.60
12.70
48.20
18.20
42.60
41.00
40.30
27.50
13.10
11.50
12.80
26.90
37.20
43.30
4.40
12.00
34.90
17.60
3.90
8.60
27.30
44.50
22.30
22.10
37.40
11.60
3.90
1.30
43.10
41.50
15.00
44.60
44.10
46.30
11.50
33.90
24.10
35.40
48.20
25.70
8.50
22.50
6.00
47.60
30.90
42.90
6.20
2.30
38.60
7.50
12.00
12.00
15.00
4.70
17.10
34.40
24.50
34.60
17.00
15.20
42.10
8.20
5.60
10.30
11.10
43.60
10.80
27.80
26.50
5.00
5.90
16.40
34.10
7.90
37.80
32.60
48.90
13.00
44.50
37.60
36.70
7.30
1.70
22.70
25.10
8.50
34.70
12.60
42.30
16.50
34.10
20.60
3.60
44.80
38.40
3.30
3.60
44.30
27.10
48.90
34.90
28.50
42.20
47.70
5.90
40.00
39.80
48.80
2.40
38.20
48.80
2.40
44.60
45.80
36.50
30.00
25.80
33.10
6.10
38.70
6.10
38.50
29.20
33.10
23.60
37.10
41.60
32.80
26.10
45.20
20.90
29.80
39.20
30.50
25.90
44.60
29.80
6.30
10.80
24.20
1.90
5.30
41.60
45.10
43.20
49.90
27.30
1.40
18.90
7.00
48.00
9.10
4.50
20.30
15.00
10.40
0.30
2.00
24.40
45.70
19.20
7.60
27.40
24.20
31.80
36.00
23.20
11.50
35.70
35.70
24.90
43.30
32.00
3.10
20.90
3.70
34.90
9.80
48.80
11.90
17.90
18.50
27.90
33.00
8.60
1.20
41.60
25.40
48.00
7.20
47.90
47.80
28.10
48.60
48.30
43.80
23.50
32.80
47.60
7.60
9.70
39.50
15.20
41.40
7.40
29.10
3.60
17.50
47.60
46.50
39.00
23.90
39.00
40.50
40.50
19.20
45.80
2.20
4.30
25.30
34.40
46.80
47.50
43.10
10.40
10.30
48.20
49.80
15.20
45.60
14.50
8.50
14.20
49.20
6.70
9.00
3.90
25.20
9.80
42.70
36.20
3.90
39.80
7.80
12.70
7.60
8.60
0.00
4.50
33.20
2.80
35.10
21.00
46.60
25.90
11.80
21.30
17.50
10.90
49.90
29.10
18.90
49.30
26.40
19.00
20.80
40.50
32.40
47.10
1.10
25.70
32.50
9.50
40.50
47.50
28.50
17.20
18.40
20.10
42.50
47.20
7.30
9.10
49.20
30.10
1.60
29.60
24.80
42.50
33.60
42.20
6.50
31.30
29.00
3.50
45.40
26.50
9.50
2.80
42.90
0.80
20.40
11.70
9.20
5.50
23.90
49.70
43.60
31.60
49.60
29.00
39.50
2.10
47.10
36.50
14.60
14.60
26.30
7.90
19.90
7.90
19.90
24.30
25.80
20.80
31.30
31.30
49.40
25.80
41.50
22.00
47.00
30.10
16.80
27.30
19.40
44.30
9.40
23.00
7.30
31.70
30.20
47.80
30.20
5.50
23.50
6.80
19.60
42.90
7.10
36.40
29.60
4.20
46.30
20.20
10.40
48.90
31.50
30.60
38.50
30.90
10.20
9.20
44.60
17.10
25.70
46.20
37.30
21.50
5.00
24.30
24.00
36.10
10.40
43.80
35.20
44.40
0.70
2.10
32.60
10.10
1.30
29.70
21.00
7.00
7.10
36.90
31.60
18.30
18.10
32.20
4.60
34.00
38.30
47.60
8.20
17.20
43.60
9.70
17.50
45.80
21.10
27.20
27.20
27.20
22.60
22.60
4.90
10.40
22.10
31.60
38.10
44.40
42.00
7.30
7.10
20.40
40.90
6.00
9.70
2.30
6.70
2.60
39.40
36.90
28.20
42.60
49.80
28.70
27.70
29.20
20.00
46.10
32.20
21.30
12.90
32.30
28.70
1.60
33.20
33.20
3.90
6.60
31.80
5.10
40.20
39.10
39.60
2.10
2.70
4.20
10.40
42.30
7.50
40.50
22.10
2.70
24.50
13.30
18.50
38.20
31.30